01111
10001
10001
01101
11111
11100
11011
11010
11001
11111
11001
10011
01001
10011
10111
10001
10001
01101
10111
01001
11111
11110
11011
11110
11011
11111
01001
11011
01101
10111
10101
11101
10111
11111
01011
01111
10001
11101
10011
11010
10101
11101
11111
10001
11101
11010
10011
11011
10111
11001
11111
01111
11110
10011
11001
10111
11111
11101
11100
01101
10001
01011
01001
01101
10011
10111
01101
11110
11001
01101
10111
11001
11010
10101
01101
11111
01101
11111
01101
11110
10111
10111
11110
11101
10011
11100
11011
11010
11011
10101
11110
01111
11101
10011
11110
11010
11111
10001
11111
11110
