11111
11011
11101
10011
11001
01111
10101
11100
10001
11011
01101
11001
11100
01001
01101
11110
11100
11111
10011
10101
01111
11101
10011
11011
11001
11000
11001
11001
10101
10111
10111
10001
11101
10001
11111
11111
11111
01111
11011
10111
11101
11001
01101
01001
01101
11101
11011
01101
11111
11101
10011
11111
11100
11111
10111
11111
11110
10011
10111
11101
11010
10011
11100
11110
11111
10101
10111
11100
11001
10011
01011
01011
11111
11111
11101
11001
10011
10001
10111
11010
10001
11011
10111
01011
01111
10001
10111
11001
10111
11111
11001
10111
01001
10011
10101
11111
11001
01011
01111
11110
