10101
10001
10111
11101
11001
11011
11111
11111
11111
11101
11011
10111
11011
11011
10101
01111
11100
10111
11110
11011
10011
01011
11001
11101
10001
11010
11001
01111
01101
10101
11110
01011
11101
11110
10011
01101
10001
11110
10111
01001
11111
10101
01111
01001
11111
10011
11011
10011
11111
11101
01011
10101
01111
10111
10001
10101
11100
11011
01111
10101
10101
01001
01111
01111
11001
11100
10111
11011
10111
10101
11100
01011
10111
01011
10101
11101
01001
11101
11011
11011
10111
11101
11001
11111
01101
11011
10111
10011
11111
11111
10111
10111
11011
11001
11001
01011
01101
11011
10001
11111
