11100
11101
01101
11000
01111
11111
11011
01011
01001
10111
11101
11110
10111
11111
10001
11111
11001
11001
11011
11011
11101
11010
11111
11011
11011
10111
11011
10011
10111
01111
11111
11001
10111
11101
11011
11111
10001
01101
11111
11001
11101
10011
10101
11111
01111
10011
10001
10101
10001
01111
11111
01111
11111
01011
10111
01101
11001
10001
11111
11011
11011
01001
11101
10101
11111
10011
10111
01101
10111
01001
10011
11111
11111
01101
10011
11101
11001
01111
10001
01111
01011
11010
11001
10101
11111
11111
10011
11001
10011
01111
11101
11011
11001
10111
11111
10011
11101
10111
11100
10111
