10111
11111
11111
11100
01101
11011
10101
11101
01011
01001
11101
01111
11101
10001
01101
10101
11111
10101
01101
11011
11001
10101
11001
11011
00111
11011
01001
11101
10111
10001
10111
10101
10011
10011
01001
10011
11101
10001
01001
01011
01001
11111
11011
11111
10001
11100
11100
01101
10011
11111
11011
11011
11000
01001
01111
11101
11111
10111
11111
11001
11110
11101
11110
10011
10011
11101
10111
11111
11011
10011
01001
11001
10011
10011
10101
10011
01001
11101
11111
11111
01011
01111
10101
11101
10001
10001
11011
11001
01111
10101
11111
10001
11101
01111
10111
11111
01101
10011
11101
10001
