10111
10011
10001
01111
11011
01001
10101
10001
01001
10111
01111
11101
11111
10101
01011
11110
11011
10101
11010
11001
11010
11110
11100
11101
11011
11111
01001
11111
11101
10011
10101
10001
10111
11001
10111
10011
10101
11011
11011
11001
11111
11101
11101
11101
10011
11101
10001
01011
11101
11111
11111
10001
01011
11111
11101
11101
10011
10101
10101
11101
11111
11101
11100
01001
10011
10011
01001
01101
10111
11100
10111
11111
10001
11111
10001
01111
11111
11001
10001
01101
11111
11111
10101
10011
10001
01001
10011
11111
11111
11011
11110
11001
10001
11001
10001
10101
10101
10101
11011
10101
