10111
11010
11001
01111
11100
10111
10011
10001
11111
11011
11110
11101
11011
11111
11111
10001
01111
10111
01101
10111
11111
10001
10111
01111
11110
11110
11101
10111
11011
11011
11110
01111
11011
10011
11011
11101
11100
10001
01011
10001
10011
11011
10001
01101
10101
11011
11111
11111
01001
01001
01111
10011
01101
10111
01001
01101
01111
01101
10101
11010
01011
10111
10001
01111
11011
01101
11100
11001
11110
01111
10111
10001
11111
11101
10111
10011
01101
11100
11001
11011
11101
11011
10101
11101
11110
01001
11101
10011
11111
11111
11001
10011
10111
10101
01111
11111
11110
11111
10001
11011
