11110
01101
10101
11111
01101
11011
01001
10011
10011
10001
11101
11010
01011
01111
11101
10111
11111
11111
10101
11011
01101
01101
11001
01101
01011
11101
01101
10001
11101
11100
11011
01111
10111
10101
10101
11111
10100
10001
11001
11111
11001
11010
11111
01101
10001
11110
01001
10001
11010
11011
10101
11111
01101
01101
10001
11101
01001
01101
01011
11101
11101
11111
01111
10101
10111
01111
11011
10001
01101
11101
11110
11101
11001
11101
10011
11101
10101
01011
11001
01111
01111
10001
11101
01101
01001
10101
10001
01001
01111
10101
11011
10111
01101
01111
10101
11101
10011
10001
10001
11111
