10011
11101
11011
11000
01001
10011
10101
11110
11001
10101
10111
10001
11001
10111
11001
10001
10001
11001
10101
11001
10101
11110
10001
11111
01011
00011
01001
11000
10011
11011
11101
10011
11111
01001
11011
11101
01111
11111
01111
11111
11011
11111
11111
11011
11011
10101
10001
01001
11111
10101
10101
11001
10011
11111
10111
10001
10011
11111
11101
10011
11110
11001
11001
11111
01111
10011
01011
01111
11101
01101
10111
01001
10011
10101
11011
10001
11111
11111
11111
11101
11101
11101
10111
11110
11011
11111
01111
01001
11101
11110
11001
11111
10111
10111
11010
11011
10101
10011
10011
01111
