11111
11011
10111
10001
10011
01101
11010
10111
01001
10001
01101
10011
11010
11011
10111
11011
10011
01001
11001
11101
11111
11001
11110
11111
10001
10101
11101
11101
11111
11011
01101
11101
11011
11111
11011
11110
10111
11001
11001
10011
01111
10101
11101
11111
11101
10011
01101
10101
11001
10011
01001
11011
11001
11111
11000
01101
10011
10011
10111
01001
10101
10001
11011
01101
01111
11011
10101
11011
01111
11111
11111
10001
10111
11011
10101
11110
10011
11011
11001
11101
11111
01011
01111
11001
11101
10011
01001
01101
10001
10101
11001
10001
11001
10111
11111
01001
10001
11111
11101
11101
