11011
01101
01011
01001
11011
11011
01101
11011
10111
10101
11101
01111
10111
01111
10101
01001
10011
11001
10011
10011
11110
10011
11000
01111
11101
10001
01011
11001
11111
01101
11011
11101
10011
10101
11011
10011
10011
11010
11011
11110
10011
11011
11011
11111
01101
11111
11010
11110
11101
11111
11111
10011
11101
11111
11001
01001
01111
11111
11111
11001
10011
11111
00011
10011
01111
10101
11011
11101
11010
10111
10011
11101
11001
10001
11001
11111
11111
10101
10111
01111
10011
01101
10001
10111
01001
10011
10101
10001
01111
10011
11101
10011
11101
11111
10111
11111
10111
01011
11011
10111
