11001
11111
10111
11001
10111
10011
11111
11001
01011
11111
11101
10001
10001
11111
11000
11101
10111
10101
11110
10111
11111
11011
10101
01011
11001
10111
10011
01111
11111
11111
11101
10111
11111
11000
11101
10011
11101
11000
11111
10111
11001
11011
10011
10111
11111
10001
10111
11111
01111
10011
11111
10011
11010
11111
10001
00111
10101
01001
11110
11111
10111
11101
01101
11111
11111
11111
11101
11101
11010
10110
10011
10011
11011
11010
11011
10111
10111
10101
11111
01111
01111
10101
11111
10011
11110
10011
11110
10111
11110
11011
10011
01101
10011
10011
11110
10001
11011
10010
11111
11111
