11011
11111
11111
11111
10111
10111
11101
10001
01001
10001
11101
11101
11110
01111
01001
10011
01111
11011
11011
11110
01101
11101
11011
00011
01101
11101
11101
11101
11001
11000
11110
10011
11011
01011
10011
10101
11011
01111
01111
10101
11101
11101
11011
11111
01001
11001
10011
11100
01001
11001
11111
10101
10010
11111
11001
01101
11101
10011
11101
10011
10011
11001
11101
10111
10011
10001
11011
11011
10001
10101
11101
10011
10001
11010
11111
10011
10011
11001
10111
11100
11110
01101
11101
11011
01101
10011
11100
11011
10111
10101
11001
10011
11000
10111
01111
11111
11111
10101
01101
11010
