10001
11011
01001
01111
10111
01011
10101
01111
01001
10001
11000
10111
01001
11001
11111
11111
01101
10011
10011
11111
01111
11101
11100
11000
11101
11101
10111
11111
11101
11001
11110
10101
10111
11111
11110
10011
11001
11001
11011
01001
01001
10111
11001
11011
11101
10110
11101
11111
10001
10111
11110
01111
01111
01001
11010
10111
01111
01001
10001
11010
11110
10011
10001
10111
10011
11111
10101
11111
11101
11010
11000
10101
10111
11111
11110
11011
11110
10111
01001
11011
11010
10111
11001
11001
10110
11001
01111
10111
11001
10101
10101
11011
11111
11110
10101
10011
01111
11001
01101
11011
