01101
10111
01111
11110
11001
11111
11111
01001
11001
10011
10101
11011
11101
01111
10011
01111
11110
11111
01101
11110
11111
11001
10111
10001
11101
11101
10101
01001
11011
11111
01111
11111
10111
11101
11111
10111
11001
11011
11101
11011
10101
01011
11111
11111
11011
01001
10111
11001
01101
10011
11011
11101
10111
11110
11101
11111
10101
10111
10111
11011
10001
01001
10101
11111
11111
01011
10111
10011
10101
10101
11111
11011
11011
01111
11111
10001
11011
10001
11011
01101
11111
01101
11001
10101
11100
11111
11011
01011
10111
01011
11001
11110
11111
10001
10111
01101
10001
10111
01111
11011
