11101
10101
01111
11110
10001
10101
01011
11100
10101
11001
11101
10101
10111
11100
10111
01011
01111
10001
11101
10111
10111
11010
10111
11111
00111
11111
11001
01001
10111
10101
10101
10001
11101
01111
11001
10111
01001
11101
11111
01001
11101
11100
01111
01001
01101
11101
01111
01001
11111
01111
11101
11111
11100
11100
11001
11111
10101
11111
01111
00011
10001
11001
01001
11001
10001
10110
01111
10001
11110
10111
11111
11001
10001
10001
10001
11100
10111
11011
01111
11011
01101
11001
01101
11011
01111
10101
01111
11011
10101
11101
11111
11101
11101
11101
10111
01001
10101
11100
11101
11111
