11101
01001
10111
10101
10001
11110
01101
01011
11111
10011
01001
11001
11101
11001
10011
10011
10011
11111
11011
11001
10011
10001
11000
01001
10101
11101
10011
10101
11111
11101
10011
10001
11110
11111
10101
11001
11011
11011
11110
11111
10111
11001
10001
10111
01101
10111
01001
11011
10111
10111
11001
10101
10111
11011
10101
11001
10011
11001
10111
01101
11111
11111
10111
11011
11011
11001
10011
10011
10011
10011
11111
10101
11101
11101
11100
11111
11111
01011
11001
10111
10011
01111
01001
01111
11110
10011
11011
10111
11111
10001
10011
11011
11010
10011
11001
10111
11111
11111
10111
11101
