11001
10111
11001
10111
10111
11111
11100
11001
10101
10111
10001
10011
01101
11001
11110
11101
11101
00011
10011
11001
10101
11100
10101
11011
01001
11011
10001
01011
00101
11011
10111
10001
10111
11111
11111
11010
11001
11001
11111
11011
11111
11001
11110
10111
11101
11111
11100
10111
11101
10111
10001
10011
10111
10011
10111
01001
10101
10111
11111
01111
11011
01111
01001
11001
11011
01111
10111
10001
10101
10101
01011
11001
10111
11111
01101
11011
01001
11011
10001
10111
10011
11111
11100
01111
10001
11011
11110
10011
11011
10101
11101
01101
11101
11011
10011
10101
11101
11000
11111
11101
