10011
01111
10011
01011
10001
01111
10011
10111
11101
11001
11011
01011
01101
11011
11011
01101
11010
11101
01101
11011
10101
11011
01111
10011
10111
11100
01011
01011
11111
11011
11011
10011
11111
11011
01101
11101
11101
11001
11111
00100
11110
01111
11011
10101
11011
01001
11101
11001
11011
10111
01101
11111
11001
11111
10101
10001
01101
10101
10111
11111
11101
10101
11001
01001
10101
11011
11001
10101
10011
10101
11001
11111
01111
01001
11111
11111
11101
11100
10001
11011
11100
11011
11111
11000
11111
10111
11111
11110
11001
10001
11111
10111
01111
11001
11111
01111
01001
11010
11101
11101
