10111
11110
11111
01101
11001
11011
11111
01111
10111
11001
10101
11101
11101
11111
11111
10101
11001
11101
01001
11101
11100
10101
11110
10011
11101
10111
01101
10111
10101
01101
01111
10111
10111
11101
11111
11000
10011
11001
11101
11111
10111
10111
10111
11011
10001
01001
01111
11011
11111
10111
11111
11111
10001
01011
10011
01101
01001
11111
01111
11111
11101
11001
11110
11001
11101
10111
01011
01111
11111
10101
01001
11111
10011
10111
11111
11111
11111
11101
11001
01011
01101
11011
11011
10011
11001
01100
11011
01001
10111
01011
10101
01101
01001
11001
11101
01110
11011
01001
11011
11101
