10001
10111
01111
01001
10011
01111
10111
11000
11100
10111
10011
10001
11111
01101
10001
11100
11110
11111
11111
11011
01111
11111
11101
10111
10011
11001
11101
11101
10111
11100
01101
10111
10011
11111
11110
11000
10111
10001
11001
01101
11111
11001
10111
01001
11110
11111
10111
11111
11101
11001
11011
11111
10111
11011
01111
10111
11100
11001
10011
11001
01110
01001
11011
11010
11101
01101
11011
10101
01111
01111
11001
11100
11111
11001
10101
10111
10111
11010
01111
10101
10111
11011
10111
11111
10011
11111
10001
11101
10001
10001
01101
11011
10101
11001
10011
10001
11111
10101
11011
10011
