11011
10111
11010
01001
10111
10011
01111
11011
10011
10111
11101
11011
10101
10011
11110
01011
11011
11001
11011
10101
01101
10101
11101
01101
01011
11011
11111
01001
01011
01001
11001
11001
11101
10011
11011
11101
11001
01001
11011
01111
11101
10011
11101
01111
01011
11111
10101
11011
11111
11101
11010
11000
11011
11111
11001
11101
01111
11011
01001
11100
10101
10011
01001
11001
11010
11111
11011
10101
01011
10011
10011
10111
10011
10011
01011
10101
11001
10101
10001
01101
11111
10101
11101
01011
11011
01101
11110
01111
11110
11101
01111
01001
01101
11010
11011
11101
01111
10111
11101
01001
