01011
10001
11011
01111
11001
11011
11011
11001
11111
11111
10111
11001
10011
11011
01111
10001
11101
11000
11011
01001
11111
11011
10011
10111
10101
11111
11111
01011
11011
11011
11101
11110
01001
01011
01011
01111
10111
11001
10001
10101
01001
11001
10001
10011
01001
11011
11101
11001
11000
10101
10100
11101
11101
11001
11111
11101
11101
01111
11110
11111
01111
11101
10101
10111
01101
11011
10111
11111
11100
01011
10111
11101
01101
01011
10011
11011
11001
10101
10101
10001
11100
11110
10101
10101
01111
10001
11001
10111
10011
11110
11000
11101
10011
01011
11011
11101
11011
01011
01111
11001
