10111
11101
01101
10001
11010
01011
01111
11101
11101
10011
11001
11101
11100
10111
11100
10001
11001
01101
10011
11011
10101
10111
11011
10001
10011
11111
11111
11001
11001
01111
11011
11101
11101
11011
10101
10011
11000
11010
10111
11011
10101
01111
11010
10011
11110
10111
10011
10111
11101
01111
10111
10001
11100
11001
10111
11101
10111
10001
11111
01001
11110
01101
11001
10001
11011
10111
01111
01001
01001
11011
11011
11110
01111
10101
01111
11101
11011
11011
01101
11111
01001
10111
11110
01001
01001
11111
01011
11001
01101
11100
11110
11010
01101
10011
11101
11011
11111
11010
01001
11011
