11110
10111
11111
11011
10111
10011
10111
11001
01111
11011
10001
01001
11101
10011
10111
11001
01111
11101
11011
01111
01001
11001
11110
11110
01111
11011
11100
01111
11011
11111
11001
11101
10101
11001
10111
01101
10101
01111
10111
10001
11001
11101
11101
01101
10011
10001
01111
11011
10001
01001
11011
10101
11101
10101
11110
11101
10101
11010
01111
11101
11001
10111
11001
01111
10011
11001
10011
10011
10111
11001
11011
01101
10001
10111
10111
01011
11101
11001
01011
11101
10111
11011
10111
11111
11101
10101
10011
11001
10001
01111
11100
01101
01101
11011
11011
10111
11111
11110
11111
11110
