10001
10011
10101
01001
11100
11110
10001
11111
10001
10111
10111
01001
10110
10001
01111
01111
10111
11111
10001
10011
11011
11011
11101
10111
11100
11011
11001
11111
11011
10001
11111
11101
10011
10001
10101
10111
10011
10111
10111
01111
01001
01001
01101
10101
01001
10011
11111
01111
01011
10101
10111
11001
01011
10101
11111
10111
10101
01101
11101
11001
11110
11111
11101
11001
11110
11011
01111
10101
10101
11111
01001
11011
11101
10101
01111
11001
11111
11110
01101
11101
10101
10101
11001
01101
10011
10111
10011
11001
11011
11101
10111
01101
11111
10001
11111
01011
11101
11000
01111
10001
