01100
10010
10001
01110
11001
01111
11001
10001
11011
01011
01101
11100
01001
10011
10101
11110
11111
11111
11111
11110
01101
10111
10111
11111
11101
01011
11111
01011
11011
11100
10001
11001
01001
10111
01111
11011
01011
11101
11111
11011
11101
10001
10001
11010
11011
11101
10001
01101
11011
11011
10011
11011
01101
01001
10011
11011
10111
01101
10111
10101
10011
11111
01111
11011
01001
11101
01101
10111
11111
11000
10111
10111
01011
11001
10101
01011
01001
01111
11101
10011
01101
11110
10001
10001
11010
10111
11011
10011
10011
01111
10011
10111
11001
10111
11011
11111
11111
10111
11101
10001
