11011
10101
01011
11111
10011
10011
01111
10111
10111
11101
10111
11011
11111
10001
01111
11011
01111
01111
10111
10101
01111
11110
11110
11011
11001
11101
11110
10111
11101
11001
01011
11100
10011
11011
01111
01111
01001
01011
11101
11111
10101
01001
10101
11101
11111
11011
10111
11101
01101
10011
01101
10101
11001
01101
11001
10101
11111
10111
11100
11010
01111
10111
11111
11111
01011
10111
01001
11001
11101
10111
10111
11001
01101
01111
01101
11011
11001
11011
10001
11011
10101
11101
10011
11001
10011
11101
11001
10001
11000
11100
11101
11001
10011
11110
11011
01011
11111
01001
11001
01111
