11001
11111
01111
11111
11111
11010
10001
10011
11000
11001
11001
01111
01111
11011
11111
01011
11001
10001
10001
01101
01111
01101
10001
10001
10111
01111
11111
11001
11011
10001
10111
11101
11011
10001
01001
11111
11010
10111
11100
10101
01001
10011
10001
10111
11111
11001
11101
10011
01101
10111
10011
01011
11001
01101
11111
10101
10101
11111
10111
10001
10111
10101
10101
11101
11001
01101
11111
10111
10111
11011
11000
01111
01111
11111
11011
10101
10111
01101
11100
11101
11001
11111
10101
11001
01101
10101
01111
10001
10001
10011
11011
10001
01101
11110
10001
01111
10111
10111
11111
10011
