01011
01101
01111
11101
11011
11100
01001
01111
11101
11011
11110
01101
10111
11011
11111
11101
11011
11101
01011
11100
01011
11001
11111
01001
01011
01111
11111
11011
11101
11101
10111
01101
11011
01011
11010
11011
11111
11111
11111
10111
01101
11100
10001
01101
11100
11001
10011
10101
10111
01011
10101
01001
10101
01101
11001
01111
01011
11001
10011
11101
01001
11101
11001
11010
11101
10111
10011
11011
11111
01111
11111
10011
11010
10101
10001
10111
11001
11100
11101
11111
11011
10001
11101
11011
10101
01001
01001
01011
11001
10011
10101
10001
11011
11101
10111
10001
01101
11111
11001
11110
