11001
11111
11111
11001
11111
11101
11011
10001
11101
10101
10001
10001
10101
10011
11011
11011
11001
10011
01111
11011
11011
10011
01011
01111
11011
11001
10011
10011
10011
11101
11010
11011
11011
10011
11001
11011
11101
11101
10011
11111
10011
11111
11100
01011
01001
01101
10011
10111
10011
10111
01111
10111
10001
10111
11111
10111
11111
10011
10001
01011
11110
11111
11111
01101
11101
11001
11111
10111
10111
10101
10111
10101
11111
11101
10011
11111
10011
11001
10101
10101
10101
01110
11111
11100
10101
01111
11011
10101
11111
10011
10001
10011
10101
10101
11101
10011
10111
11011
11001
11101
