11111
11111
11001
11111
11111
11011
11011
10001
11101
10001
11011
11111
01111
01001
10010
11010
10101
11111
01111
01100
01101
11101
01001
01111
10111
10111
10111
10111
01011
01101
11111
10011
01101
10101
10111
11111
11011
01111
11101
10011
11111
01011
10001
11001
11110
11111
10100
01101
11111
10111
10111
10011
11101
11011
10011
11111
01111
10111
11100
01101
01001
11111
10011
11001
11110
10101
11001
10101
01011
10001
01011
10101
01001
10101
11011
10111
11001
01101
01011
11011
11101
11110
11000
11011
11001
01111
11110
11111
10111
10111
11111
10111
11001
10111
11111
11001
00110
01101
11001
10011
