10111
10111
11100
10101
11001
11101
11111
11011
10011
11101
11011
11101
01101
11111
11101
10011
10111
11111
11111
11011
10101
01001
01101
11111
11101
10111
11011
10111
11110
11011
11111
11101
11101
01011
11011
10111
11110
10111
10101
11111
10101
11011
01111
11110
10111
11001
11101
01011
11101
11111
11011
01101
11101
10111
01101
10001
11110
11110
10001
10001
10001
10111
01111
11101
11000
11101
11101
11111
11111
10011
01101
01101
01101
11101
10111
11111
11101
11110
11011
11110
10111
11011
10011
10101
11001
11011
10001
11101
10001
11111
11011
11111
10011
01101
01101
11101
01011
10111
11100
11010
