10011
11101
11101
10101
11111
11111
11101
10011
10001
11001
11110
01111
01111
11111
11001
10101
10101
11110
10110
11110
10101
11111
01111
11111
11001
11010
10101
01101
01001
11011
01111
01101
10101
01111
11011
01111
01111
10011
10011
10001
11111
11101
01111
01011
11111
10011
11011
11001
01111
10101
11111
11110
11001
10011
01111
11111
11011
01001
11001
11111
10101
10101
01111
11001
11101
01101
11010
01001
01011
11110
11110
11101
10101
11101
11101
11001
11111
11111
11001
11111
11111
10111
11110
11101
11101
11011
11100
01001
10111
10011
11111
11101
11111
10001
01011
11110
10011
01011
11101
10101
