10101
10001
11010
11011
10011
10111
01101
01101
11011
10111
11011
10101
11111
11000
11110
11011
11011
10011
10001
11111
11111
11010
00101
11111
01011
01001
11111
11111
11111
01001
11110
11011
10001
10001
11111
01101
11110
11111
10001
11111
01001
11011
10001
10111
10111
01001
10101
11110
11001
11101
11011
10111
11110
11000
10001
10101
10101
11101
01101
10101
01011
01001
10101
11011
11101
01111
01101
10011
11011
10101
11111
11110
10011
10011
11111
11111
10011
11111
11101
01011
01110
11001
11111
11110
01111
01001
01011
01101
01111
11101
10011
10011
10111
11101
11101
01001
01101
10011
10011
11101
