11111
11101
10101
11011
10001
11101
11001
11001
01011
01111
11011
11111
11101
01111
11101
10111
11001
10111
10001
11111
11111
10101
11101
11111
11001
10111
11001
10111
11110
10001
11011
11110
11011
10001
11011
01111
10011
01101
01001
10011
11101
11111
10101
11001
10111
10001
11011
11111
11001
10111
10101
11101
01001
11111
11111
11111
11000
10011
10101
11111
11001
01101
01101
11100
11011
10111
11101
01101
11101
11101
11111
11101
11101
10111
10111
10111
11001
10111
01011
11110
11001
10011
11101
11100
11101
11111
11011
11011
01011
11011
10101
10111
01001
01111
11111
11011
11110
10111
01111
10111
