11001
01111
11110
11111
11001
11011
10011
11101
11001
10011
10001
01111
10011
10111
10011
11111
10111
01001
10011
11100
11101
11001
11111
10111
10001
10111
11001
11101
11110
10011
10111
11101
10111
11101
11111
10111
10011
10111
11111
11010
01111
10111
11111
10101
11100
11011
11111
11100
01011
01001
11101
11001
10111
11011
01011
10101
11011
11101
01111
10011
11011
01111
11011
10011
11011
10111
11101
10011
11110
11010
10111
10101
00001
10111
10111
01001
01111
01001
11101
11010
01111
10101
10111
01111
11111
11101
01101
01001
11101
10001
10111
11011
11101
11111
10011
01101
11111
11101
10011
01000
