10111
11001
10101
10001
11111
11101
10111
11100
11011
01101
10111
11001
10011
01101
01011
01111
11101
11111
01001
01111
11001
01111
10011
11011
11101
10101
01001
11011
11011
01011
11101
11101
01111
10111
10101
10011
10010
10001
11111
01101
01111
11010
11001
01001
11011
11011
11011
11011
01111
11001
10111
11101
10111
10101
10111
01111
11011
11101
10001
10011
11111
11101
10011
11010
11101
10001
01111
11111
11011
11011
11101
11011
11101
11000
10111
11001
01101
11011
10001
10101
11110
11011
11111
11101
11111
01111
10111
11010
01001
11110
01101
01111
11111
10101
10001
10111
11111
11101
10111
11011
