10110
10011
10111
11100
11001
10001
01011
11011
01111
11111
11011
10011
01111
10101
01101
10111
10011
10011
10111
11111
11001
11111
11011
01111
01101
11001
10111
11101
01001
11000
11100
11111
11110
10001
11101
10111
11001
11101
11101
10001
10011
10011
11001
11101
10011
10101
11101
11111
01111
11101
11001
01101
11111
01111
01011
11101
10111
10001
10011
11111
11111
10111
11111
11110
11110
10011
11111
11011
01011
11111
01111
11101
10001
01111
11111
11101
01111
11111
01101
01111
10011
01111
11101
10001
11001
11101
10111
11101
11111
11111
11100
10011
10001
10011
11111
11101
11010
01101
10001
10011
