11011
11111
11101
10001
11011
11111
10111
11011
11010
10101
11011
01111
01101
11010
11011
10101
11001
10001
11011
01100
11010
01101
11111
10101
11001
10101
10111
11001
01001
10111
11011
10011
10101
11101
10111
11111
01101
11111
01001
10111
11101
11111
11011
11111
10101
11111
11010
10011
11111
11111
11011
11111
11111
10111
11101
10111
11011
11011
11101
11101
11101
11001
11000
11111
10011
11011
11011
01001
11011
10101
10011
11001
11000
10111
11001
01101
11111
00001
01111
10111
01001
01111
01011
01101
01001
11101
11011
11100
10111
11101
01001
01110
10011
10111
00011
11001
10011
10001
01001
01111
