10001
11101
01001
11101
10111
11101
10011
10101
11100
11011
10011
10101
10111
10001
10111
11111
10111
01111
11001
11101
11101
01101
11011
10011
11011
11111
10001
01001
01001
01001
11100
10111
11111
01111
10111
10001
11010
11100
11011
11111
11101
11111
10001
10001
01101
11111
11011
11110
10011
11101
11001
01001
11011
10011
11111
10111
11011
10001
10111
01101
01001
01001
10111
11111
11101
10001
11001
10011
11001
10011
11001
10101
11011
11001
01111
10111
10011
10100
01101
01101
01111
11011
11010
01101
10111
11110
11001
10101
10011
10111
01101
11011
10111
10001
11100
11101
11100
11101
11011
11000
