11111
11001
10101
11110
11011
11001
11011
11001
10011
11101
10011
11010
11001
10111
11101
11111
11001
01101
01101
11001
11010
01111
10011
01101
11110
10011
11001
11011
01011
11101
11010
11111
11110
10111
01111
11101
11110
11001
10011
11011
10101
11111
11111
11110
01111
11001
10001
11101
10101
11001
11011
11111
10111
10111
11111
10111
11111
11101
11111
11111
10111
01111
11011
01100
11011
10011
11101
01001
10101
10101
11101
11111
11101
11011
01111
11111
11111
11011
10011
11011
11111
01111
10111
10111
10101
01111
11110
10101
10011
10111
11101
11101
11001
11001
10001
10111
11011
11110
10111
11111
