01111
11111
01101
11101
10001
11101
11100
01101
01011
01111
11011
11001
10001
10101
11011
11111
11101
01101
01101
11011
11101
11101
10011
11001
10011
11011
11110
10111
10111
11001
11001
10011
11101
11001
11001
11011
10001
11101
10011
11010
11111
10111
11101
10011
01101
01101
10011
01011
10011
10011
10011
01101
01111
10001
11001
10001
10111
11101
01001
11011
11011
10111
10001
11001
11111
01111
11101
11110
11111
11110
11010
11011
10001
10001
10101
10101
10011
11001
01111
01111
10111
11011
11100
10101
11011
11001
11011
11011
10111
11101
10111
11011
11011
11011
11110
01001
11111
10011
00011
01011
