11011
11101
10101
01101
11110
10111
10011
11100
11101
11101
11101
11101
11100
11001
11011
10101
11100
01011
11101
10111
01111
11001
11101
11001
10111
10101
11101
01111
01111
10111
01011
10111
01011
11110
01111
01111
11110
01111
10101
10001
11111
11101
10111
11111
11011
11011
11101
10111
10001
11001
11011
01111
11111
11111
01011
11011
10001
10101
11010
10011
01001
10101
11001
10011
11110
01111
10111
11110
01011
10011
11001
11001
11101
01111
10101
11101
11100
11110
11101
11111
01111
10111
10001
11111
11010
10111
11111
01101
11101
11101
10011
11101
10111
11001
01011
10111
11111
01001
11111
10011
