001010
111111
001010
101110
011100
100000
010010
001101
001101
111110
010000
100011
101010
000101
000000
111011
100111
000100
011001
101011
000110
001100
111000
101010
100011
011001
001000
000000
000010
110101
111101
001100
000011
011000
001010
101011
110000
101100
101000
111110
011101
000110
111101
101100
010010
101000
011011
110010
001011
101101
110100
101011
100110
011100
100111
001001
100110
001111
011000
001100
011010
001100
101000
000000
010000
000001
111000
011001
010001
110011
111000
110110
011101
010100
111010
111101
001000
101010
001101
011100
000101
101010
010111
111010
010001
010110
010101
111100
111000
110110
010010
001100
110001
111011
010000
111001
000011
101001
000111
111010
