0100
1001
0010
1001
0010
1011
0010
0100
0001
1000
1101
1111
0110
0011
1011
0001
0010
1000
0010
1110
0010
0101
1110
1010
0110
1010
1011
1110
1001
1000
1001
1110
1010
1000
0100
0111
0110
1000
1110
1100
0100
0000
1010
0111
0111
0101
0110
0010
1100
1010
0010
0110
0010
0010
0000
0111
1101
0000
1101
0111
0000
1101
0010
1001
1011
1001
0101
1000
1110
0010
0000
1010
1010
0010
0011
0000
1101
0110
1011
1011
0001
1000
1011
1010
0111
1000
1111
0110
0000
0111
0110
0100
0100
1110
0010
0110
1100
1010
1110
0100
