0110
1111
0110
1010
1100
0101
1011
1101
1001
0100
1111
1010
0111
0110
1110
0101
1111
1000
1011
1101
1011
0000
0001
1101
1100
1010
1110
1011
0000
1110
1110
1010
0100
1011
1001
1100
0101
0010
1110
1000
1010
1101
1101
1100
1001
0111
1011
1100
1110
1110
1100
0001
0010
0101
1101
1010
1011
1000
1011
0110
1011
1100
1001
1001
1001
0010
1101
1011
0111
0001
0101
1101
0111
0011
0100
1110
1100
0100
0111
1010
1001
1100
0111
1110
0101
0000
0111
1010
0010
1110
1110
1000
1100
1101
1001
0111
1101
0111
0101
0100
