1110
0011
0110
0101
1100
1111
1100
1100
1000
1011
0111
1110
1111
0111
0100
0101
1110
1100
1100
1001
0111
0000
1100
1101
1101
1011
1100
1101
1111
1010
1110
1001
1010
0111
1100
1011
0101
1010
0010
1011
1001
0110
0001
1100
1001
1011
1010
0000
1001
0001
0011
1001
1101
0101
1001
1111
0111
1011
1001
1100
1010
0111
0011
1111
1111
0010
1110
0111
0100
1110
0010
0001
1101
1010
0111
1001
1101
1010
1100
1111
0110
1111
1010
1101
0011
0110
0100
1110
1101
1110
0010
1101
0101
1111
1111
1100
1110
0111
1101
1001
