1100
1010
0111
0110
0110
1100
0110
1101
0100
1100
0111
0011
1011
1101
0011
1100
1011
1001
0011
1101
1011
1010
1000
1011
0001
1110
1110
1110
0110
1011
0101
1111
1100
1101
1100
0001
0101
1110
1101
1101
1000
0100
1100
1111
1101
1000
1010
1001
0110
0011
1010
1000
0100
1000
1110
1111
1101
1010
1011
0101
1110
1110
0000
0011
1101
1100
0001
1000
0100
0100
1100
1101
1001
1110
0000
0100
1011
1101
1011
1111
1001
0011
1111
0100
1100
1011
1011
1100
0110
1010
0001
0000
1011
1100
1000
1101
1101
1110
1010
1111
