1100
0111
1111
1001
1101
1001
0100
0010
1000
1011
0111
1111
1101
0011
1010
1010
1100
0000
1110
1111
1100
1110
1001
1001
1110
0100
1001
1011
0110
1010
0110
1110
1000
1100
1000
0111
1100
1010
0111
0101
1011
1100
1111
1101
1100
1011
1011
0011
1000
1111
1000
1000
1110
1000
1010
1101
1001
1101
1111
1011
1101
1110
0110
1010
0100
1001
1110
1011
0001
1110
1011
1111
1101
1000
1100
1010
1110
0100
1010
1101
1011
1100
1110
1101
0100
1000
1111
0000
1100
1110
0010
1110
1101
1111
1101
0110
0110
1110
1000
1111
