1010
1011
1011
1110
0111
0001
0110
1010
1010
1110
0010
1101
0111
1010
0101
1011
0110
1101
1011
0111
1010
1001
1001
1010
0001
1001
1000
1110
1000
0111
1011
0100
1001
1111
1011
1111
1111
1111
1111
1011
1110
0110
1100
0100
0010
0111
1101
1010
1010
1000
1100
1001
1110
1011
1111
1110
0110
1011
1010
0010
1011
1011
1010
1110
0100
0100
1111
0111
1011
0001
1011
1110
1100
1001
1010
1011
1111
1111
0001
1010
1001
1001
1101
0000
0101
1111
1001
1010
1110
0111
1110
0111
0010
1101
1001
1110
0010
1111
1000
1101
