0101
1000
0111
0100
1100
1110
1111
1100
1111
1111
1000
0110
1101
0000
0110
1110
1111
0100
1101
0010
1110
0101
0010
1101
1111
1101
1001
0111
1011
1000
1000
1110
0000
1001
1111
1111
1001
1000
1110
1101
0101
1111
0110
1100
1110
1001
1011
0011
1101
0111
1000
0010
1111
1111
0011
0111
1010
1000
1001
1000
0110
1011
0111
1011
1010
1001
0000
0111
1110
1110
1101
1100
0100
0111
1000
1110
0110
1101
1111
1111
1001
1111
0001
0101
1100
1110
1000
1100
1000
1010
0100
1111
1100
1110
0010
1010
0111
1101
1001
1101
