1111
1010
1001
1111
0101
1000
1100
1111
1111
0011
1011
1101
0111
1110
1010
1110
1011
1101
0100
1001
1100
1101
1101
1111
1011
1100
1101
1000
0111
1110
0110
1100
0100
1111
0110
1001
1110
1101
0110
1111
1001
1100
1110
1100
0101
0011
1100
0111
1100
1011
1010
0100
1111
1001
1000
1101
0111
1011
1000
1010
0100
0101
1101
1111
1000
1001
1110
1101
1001
1110
1010
0100
1101
0011
0011
1111
0110
1000
1010
1110
0111
0110
1011
1011
1010
0111
0111
1111
1101
1010
0110
1010
1010
0010
1001
0111
0111
0001
0100
1110
