1011
1101
1111
1110
0110
1011
1101
1101
1110
0110
1111
1011
1100
1110
0100
0100
1000
1101
1110
1111
1010
0110
1011
1101
0100
1101
1011
0100
1000
0100
1101
1001
0011
1001
0111
0101
1110
1110
1111
1111
1000
0011
1011
1010
1011
1010
1001
1101
0010
1110
0011
0110
1011
0111
0110
0000
1100
1110
0110
1001
1010
1000
1011
1011
1010
1000
1101
1110
1110
1011
1001
1101
1101
0100
1110
0111
1001
0100
1010
1110
1101
0111
1001
1110
1111
1110
0111
0100
0100
0111
1001
1110
1111
1111
1110
0100
1111
1010
0000
0111
