0111
1010
0110
0110
0111
0111
1110
1010
0010
1110
1010
1101
0101
0100
1011
0010
1011
0111
1011
1101
1101
0001
1000
1101
1110
1000
0011
1101
1001
0111
0011
1101
1101
1111
0111
1100
0010
0100
1110
1101
1100
0111
1101
1010
1101
1011
1100
0100
0100
1111
0101
1111
0110
0101
1011
0111
1110
1100
1110
1011
1010
1101
1001
1100
1100
0100
0010
1001
0011
0001
1110
1111
0111
1010
1101
0001
0101
1010
1111
1000
1101
1110
1101
1110
0011
1111
1101
1001
1000
0100
1111
1001
1101
0011
1101
0111
1101
0110
0110
1010
