1010
0011
0111
0010
1101
0001
0100
1110
0000
0010
1010
0100
0011
1000
1101
1101
0100
0000
0001
0011
1011
1010
1110
0111
1000
1101
0011
1111
1010
1111
1011
0011
0010
0101
0111
1100
0000
1110
1101
0100
1000
1000
0101
0101
0110
1010
1111
1010
1010
0010
1010
0111
1011
1010
1001
0000
0001
1010
1000
0101
0000
0010
0011
0000
1011
0101
0101
0100
0101
1110
0001
0001
0001
0001
1101
0000
0110
0010
1110
0011
1011
1011
0010
0010
0001
1100
0000
0100
1001
0100
0111
0111
1010
0101
0110
0100
0010
1000
0101
1111
