0101
0110
0110
1101
0101
0101
0000
0101
1001
1101
0101
1000
0000
1111
1110
0010
0001
1111
0000
0000
0101
0010
0101
1101
0101
0111
1000
1000
1100
1111
0000
0110
1111
0010
0100
0011
1101
1110
0011
0110
1100
1001
1000
0010
1001
1000
1000
0000
1010
0100
1101
0100
1011
0011
1101
0010
0110
1101
1001
0001
1110
0101
0001
0000
0010
1110
1110
0011
1001
0101
0100
0011
1110
0111
0001
1101
1111
1000
1111
1001
1111
1100
0001
0001
1010
0100
1010
0101
1100
1001
1111
0001
0101
0010
1111
1110
1110
1101
0000
1000
