0010
1001
1011
0111
0101
0010
0011
1010
1111
1100
1001
1111
0000
0100
0110
1110
1010
1000
0101
1010
0010
0110
0101
1010
0011
1110
0111
1110
1000
0101
1011
1101
0110
1110
1101
1110
0111
1010
1101
1000
1000
0101
0000
1010
1111
0011
1011
1110
1010
0001
1110
1100
0100
0011
1001
0111
1000
1100
0011
0001
0010
0010
1111
1110
1000
1101
0010
0111
0101
0100
1110
0000
1110
1110
0000
0111
1100
1100
1010
1001
1011
1101
0110
1000
1001
1100
1011
0010
0110
0100
1001
0101
0100
0000
0010
0101
0110
0001
1101
1101
