0111
1001
0101
1110
1000
1111
0001
0110
0110
0111
0100
0110
0010
1010
0001
0010
1101
0010
1000
0001
1000
0001
1101
1010
0001
1111
0000
0110
0111
0001
1101
1011
0100
1000
0001
0000
0100
0100
1010
0101
1011
1011
1100
0100
0100
1010
1101
0001
0000
0001
1110
0110
1000
1010
1001
1011
0101
1001
0010
1011
0101
1011
1010
1000
1010
0100
1011
1001
0101
1010
1101
1000
1100
0010
0010
1101
0001
0011
0000
0000
1111
0100
1101
0010
1100
1110
1111
0000
1010
1000
0010
0011
1000
0110
1000
0111
0110
0000
0010
0100
