1001
0101
0110
1111
1100
0101
1101
1010
1001
0100
0000
1110
1111
0000
0000
1111
0001
1110
0000
1000
1000
0101
0101
0100
1110
0101
0101
0110
1111
1101
1111
0010
0101
1101
0011
0101
0000
1100
0011
0010
0010
0100
1100
0001
0011
0000
1000
1110
0111
1000
1100
0101
0101
1111
0111
0111
0001
1101
1000
0011
1011
0111
1000
0100
0001
0111
1100
0110
1011
1011
0011
0001
0001
1110
0100
1100
1100
0111
1110
1001
0101
0011
0111
1111
1000
0111
1000
1010
0111
0001
1100
0000
1001
1000
1000
0000
1000
1101
1111
0000
