0001
1010
1111
0001
1111
1000
1001
1000
0101
0110
0100
0100
0101
1011
0110
1010
1100
0010
1100
1101
1000
0011
0000
1100
1001
1011
0000
0000
0111
1111
1011
1111
0001
1011
1100
1011
0001
0000
1101
0111
1011
0011
0111
0000
0011
0011
0010
1100
0000
0111
1110
0011
1011
0000
0000
0101
1010
0110
1001
0100
1000
0100
0111
1111
1001
1011
1000
1111
0101
1000
1010
0000
0001
1111
0001
1100
0110
0011
0011
1001
0101
0110
1110
0101
1101
0101
0001
0101
1101
1011
0101
0000
0011
0100
0101
0011
0111
1000
0111
1010
