1010
0011
0011
1001
1101
0001
0101
0000
0100
1001
1100
1110
0100
0110
1011
1001
1100
0011
1011
1100
0000
0010
0110
1011
1001
1111
0110
0000
1101
1100
1100
1010
0000
1010
1100
1101
1110
0001
1011
0011
1100
0111
1011
1110
0110
0110
0100
0101
1100
1000
1101
0101
1100
1110
0001
1011
1000
1110
1101
0111
1101
1000
1011
1011
0111
0011
1110
0101
1110
0111
1010
1011
0001
0010
1100
1101
0101
0000
1101
0010
0011
1010
0001
0010
1111
1011
0100
1100
0000
0010
0000
1001
0101
1000
0100
0001
0110
1100
0011
0111
