1111
0100
0101
0110
0011
0001
0001
0101
0000
0001
0001
0001
1111
1101
0011
1000
1011
0110
0110
1111
0011
0101
0000
1011
0100
0100
0101
0111
0100
1000
0001
1010
0100
1001
1100
1100
1110
1101
1100
0101
0001
0000
1010
0110
1001
0010
0111
0001
0111
1110
1010
0111
0101
1110
1110
0110
0110
1000
1010
1011
0110
0000
0010
0111
0001
1110
0100
0100
1000
1111
1001
1000
1010
0110
1010
0001
0111
0110
1111
1110
1000
1010
0111
0011
0011
0010
1110
0111
1100
0100
1100
1001
1011
0101
1100
0001
1100
1001
0100
1110
