1111
0100
1000
1101
1110
0110
1011
0101
0000
1101
1001
1101
0011
0100
0010
1111
1010
1001
1101
1101
0001
0101
0010
1011
0001
1010
0111
1011
0010
0100
0101
0100
1101
0111
0100
1001
1100
1001
0010
1110
1011
0100
1110
0100
1001
0100
0100
0011
0001
1101
1001
1111
0011
0111
0010
0100
0011
0001
0010
0011
0110
0001
0000
0000
0101
0011
1011
1010
1011
1111
0101
1110
1010
1001
1011
1001
1111
1001
1111
0101
0001
0011
0111
0110
1000
0100
0001
0011
1001
1010
1101
0000
0010
0011
1011
0101
1110
1100
1001
0110
