1110
0000
1011
1011
1010
0000
0111
0100
0101
0111
0010
1101
1011
0011
0000
1010
0001
0110
1011
1111
1100
0101
0101
0111
1001
0000
1100
0110
1101
0100
0000
0010
1000
0010
0011
1010
1000
0111
1101
0100
1101
1101
1011
0001
0010
0010
0000
1100
1011
1101
1111
0100
1000
1001
1011
1001
1010
1110
1110
1001
0101
0001
1011
1010
1011
1101
1011
1011
0010
0000
1101
1000
0001
1101
1010
1100
1100
1101
0001
0010
0000
0001
1111
0111
1010
0111
1000
1111
1001
1110
0010
0011
1110
0001
0000
1000
0000
1110
0110
0100
