0001
0011
0011
1111
0110
0101
1110
0000
0101
1100
1000
1001
0000
0001
0100
1111
0001
0000
1010
0001
1101
0111
1100
0000
1110
1110
1111
1101
1010
0110
0011
1001
0011
0111
0001
0110
0100
0111
1100
1000
0011
1111
0101
1000
1101
0110
1110
0101
0011
0001
0101
0010
1011
0010
1100
0111
1111
0111
1000
0001
1101
1000
0010
1100
1110
1100
0001
1010
0010
1011
0110
0001
0111
1011
0001
1010
0100
1100
1100
1110
1000
1011
1101
1001
1000
0100
0100
0101
1110
1111
0011
1100
0101
1101
1100
1110
1010
0000
1001
0011
