1111
1111
1010
0110
0111
1011
1101
0111
1001
0010
1101
1000
0100
0011
1110
1011
1101
0010
0100
1101
0011
0010
0110
0010
0111
1100
1100
1000
0111
1011
1011
0100
0100
0110
0011
0001
1100
1111
1110
0111
1000
0100
1001
0000
1001
0000
0011
0100
1001
1111
1110
0110
1101
0010
1001
1100
0111
0011
0001
0001
1100
0100
0101
1101
1000
0111
0110
0010
0101
1100
0011
0110
1000
0000
1000
1111
0010
0111
0001
1000
1110
1011
0011
1100
0000
0101
0000
0010
0001
0000
0111
1011
0011
0000
0001
1111
1110
1001
0100
1100
