0111
0100
1011
0110
0101
1011
1111
0101
1011
0110
1100
0111
0010
0001
0001
0001
0111
0001
1000
1110
0001
0101
1110
0001
1011
1001
1111
1101
1100
0101
0001
1001
0010
1000
0011
1001
1101
1001
1011
0010
1010
0110
0110
0111
0110
1000
0101
0001
1101
1000
1001
0111
1000
0010
1111
1001
0010
1101
1110
0110
1101
0011
0010
1001
0100
1110
1000
1011
0000
0000
0111
1111
0001
0100
1001
1100
0110
0110
0000
0111
0000
0011
0101
1000
0010
0111
0011
1001
1010
0000
0111
1001
0110
0110
1001
0010
1010
1110
1110
0000
