1100
0111
0100
1100
0011
1010
1110
1111
1001
0100
1100
0101
1000
0001
1000
1011
1101
1100
1111
1100
0101
1111
1110
1011
1111
1010
1111
1111
1001
1100
1100
0010
1110
1100
0101
1110
0011
1100
0101
1011
1100
0000
1000
0101
1100
0010
1101
0011
1001
0001
0000
0000
0011
1100
0000
1100
1011
0011
1100
1001
0011
0011
0101
1111
0011
1010
0001
1000
0010
1000
1101
1001
1001
0000
0101
0011
1101
1100
1110
1101
1100
1001
0000
0010
1110
0001
1110
0011
1010
0001
0010
0101
0000
1010
0011
1101
0011
1111
1101
1110
