1111
1010
1010
1010
1011
0110
1000
1101
0100
1010
1000
0011
0111
1101
1111
1011
1111
0100
1010
1000
0101
1011
0000
0110
0101
1101
0011
1010
1111
1011
1011
1001
1000
0001
0100
0001
0101
1100
1000
1100
0000
1001
1000
1000
0011
1110
0101
0101
1001
1100
0100
1101
1000
1101
1010
0101
0101
1001
0111
1010
1011
0111
0110
1001
0000
0100
0001
0001
0011
0111
1111
0111
0110
0110
0111
0001
0011
0010
0110
1111
0111
1001
0001
1001
1101
1110
0000
0001
1001
0011
0100
0101
0010
0110
1100
0111
0100
1101
1100
0101
