0101
0110
1100
0000
1011
1101
0101
0011
0001
1100
1111
1000
0000
0100
1111
1000
0001
0010
0010
1011
1011
1110
0001
1010
1001
0000
0000
0101
1011
0110
0110
0001
0000
0110
0100
1001
0000
1001
1010
1110
1000
1010
1011
0011
1000
0101
0000
0101
0001
0001
0111
1101
0011
1110
1000
0110
1110
0011
0101
0001
1010
1110
0100
0110
1001
1111
0110
1011
0101
1110
1111
0000
1111
1100
0101
0010
0101
1011
0101
0110
1000
1001
1010
1110
0101
0111
1001
0110
0001
1111
1100
1110
1000
1101
1000
1101
1101
0111
1101
0101
