0010
0011
0111
1001
0001
1110
0010
0110
0011
1011
0110
0111
1101
1011
0000
1100
1010
0011
1101
1101
0100
0010
0011
1100
1011
0010
1101
1001
0000
1001
0111
0001
1100
0000
1011
1000
1001
0101
1001
1010
1010
1111
1001
1010
0011
0111
1000
1001
1011
1010
0111
1100
0110
1001
1011
1110
0101
0101
1011
0001
0010
1011
0110
0110
0000
1111
0100
1101
1100
1010
1100
0101
0010
1101
0001
0110
1101
1010
0110
0111
1011
0100
1001
0100
1110
1111
1100
0111
0010
1000
0001
0001
1010
1010
1010
1111
1001
0111
0001
0110
