0111
1101
1000
1010
1101
0111
0000
1011
1001
1100
1001
0010
0010
1000
1101
0101
0011
0001
1111
1000
1011
1100
1000
1011
0000
1000
0000
1100
0010
0000
1111
0110
0000
1011
1010
0001
0010
1110
0001
0001
0011
1100
1101
0010
0001
0111
0011
1011
0110
1000
1110
1001
1110
0101
0011
1100
1100
0000
1100
0011
0111
0100
1001
1001
0100
0001
1101
0100
0111
1001
1000
1001
0011
0001
0000
1100
1100
0011
0100
0010
1000
0000
0010
0010
1010
1000
0110
0111
0011
0101
0001
0011
0000
1100
0111
1111
0001
0101
1101
1110
