1011
0010
0101
1010
0111
0101
0110
0010
1110
1101
1001
1011
1101
0110
1111
0000
0010
0011
0110
1010
0010
1010
1010
1001
1100
0110
0001
1101
0101
0100
1111
1011
1110
0010
1000
1011
0000
0111
0011
0010
0001
1001
0111
0100
1101
0011
1110
0111
0110
0101
1111
0011
1100
1110
0001
0101
1111
1101
0100
1101
0110
0001
0100
1101
1110
1000
0000
1110
0000
0101
0001
1101
0101
1010
0111
0001
0111
0100
1110
0011
1001
1101
1001
0000
1010
0100
1001
0000
0101
0110
1000
1011
1111
0111
0100
0010
0010
0101
0011
0010
