0111
1101
1110
0000
1111
1111
1111
1101
0001
1000
1001
0100
0110
1100
1111
0101
1110
1110
1110
1100
0101
0110
1110
1110
1100
1101
0001
0010
1100
0000
1100
1000
1101
1100
0100
1110
0111
0110
0110
1001
1010
0111
1101
0101
0111
1111
1001
0110
0110
0010
0100
1000
1100
1100
0101
1101
1001
0110
1101
0000
0101
0111
1001
1101
1100
1000
0101
1010
1010
0100
1001
1001
0011
1110
1000
0111
1010
0001
0110
0000
0110
0101
0101
0000
0100
1000
0110
0011
0000
1101
0001
0111
1000
0100
1010
1101
1000
0001
0110
1101
