0001
1100
0000
0101
0101
0100
1000
0010
0101
1011
0011
0110
1001
0111
0000
1100
0010
0101
1011
1111
1010
1110
1000
1111
1010
1011
1110
1001
0110
1011
1100
1100
0001
0110
1000
0011
0110
1011
1111
0011
1111
1011
1110
0011
0110
0100
0001
0001
0111
1111
0001
0001
0010
0011
0010
1110
0101
0110
1011
1101
0100
0110
0111
0001
0111
1111
1010
1001
1100
0011
0000
0101
0001
0110
1110
0101
0101
0011
0101
0110
1010
1000
1111
0111
0101
0011
0101
0100
1110
0101
1010
0010
1101
0100
1011
1111
0111
1110
1100
1011
