1011
1110
0110
1001
1000
0100
0011
1110
1101
0000
0110
0001
0101
1011
1001
1110
0110
1010
0011
1111
1011
0010
0001
1101
1100
1100
1101
0111
0101
1011
1100
0111
1100
1001
1101
0110
0001
0001
1010
0000
1010
0000
1101
1111
1110
1011
0000
1001
0001
1011
1011
0110
1000
1110
0111
1011
0001
0110
1100
1111
0100
1010
1101
0000
0001
0100
0101
0000
1101
0010
1010
1111
1010
1001
0110
0101
0100
1011
1001
1011
1011
0110
1111
1100
0011
1111
0111
1101
1101
1101
1111
0101
0111
1001
0000
1000
0000
0110
1001
0001
