01100
11011
10000
01111
11101
11000
11000
10011
11100
10111
11001
10101
00001
10100
11110
11011
10101
00111
00110
10000
01001
11010
10010
11111
11000
10101
11111
10111
11111
10111
00001
01010
10001
11100
00010
10000
11101
10000
10011
10000
10100
11101
10101
10001
11011
11101
10010
01110
11101
10010
11011
10000
11011
11110
00110
10100
00111
11011
11011
11111
01000
10000
10100
10001
01000
11000
01011
01111
00000
11100
10010
00101
10100
11011
11111
00111
11011
11001
11111
11010
01111
01011
01001
11111
01000
11110
10111
10110
11000
10010
11010
10110
11001
11011
00011
11011
11101
11001
10100
11100
