10000
10010
00011
10111
11011
00111
10110
11110
00010
10000
11100
01111
00101
11010
11101
00001
11010
00101
11011
10010
10101
11110
11100
11101
11111
10011
10010
10010
00011
01111
10111
11011
10110
10001
10110
00100
10010
11010
01100
11010
11111
01000
11011
10101
10101
01111
11100
11111
01100
11101
10110
01110
11111
10100
11101
10111
11000
10001
10011
11000
11011
11011
10101
11111
10100
11101
10111
11101
11110
11000
10101
11101
00111
00001
10011
11111
11101
10011
11101
11110
10110
01100
10000
00001
00101
00100
00101
11111
01110
01011
10001
11111
11111
11010
00111
00110
11000
10000
11000
10101
