10000
11011
10000
11100
11000
01100
10111
11011
11110
00101
01001
11101
10011
11000
01111
11110
01011
11111
11001
01111
10110
11011
11011
10111
11011
01111
01110
10100
10101
11000
01101
10011
11110
01011
10101
10001
10001
10110
10000
11101
11001
10001
01110
01100
10111
10001
01010
10100
10011
01101
11011
11111
10101
11111
01101
10111
11111
10010
11101
11010
11000
10100
10010
01100
00111
11110
01100
00101
10101
10111
01001
01010
11110
10001
11101
10010
00111
10100
01111
10110
11011
11111
01001
01001
11110
11101
10101
01100
01000
10101
00100
10000
11001
01100
11000
11011
10100
01011
01011
11001
