11010
01011
10011
11100
11100
10000
11011
01001
11011
11100
01010
11111
11111
00100
01111
11101
11101
11011
00101
11111
01110
10010
10001
10110
10110
00110
11100
11100
11010
01001
01111
11111
10010
11101
00010
11000
00100
11001
10111
11101
01011
00000
11111
10100
10111
11111
01110
10011
01111
00100
10010
11111
10010
10001
10111
11010
10010
01011
10000
10011
11111
00110
10010
01111
01110
00101
01000
00111
10001
11100
10110
01011
01111
01100
00110
01001
10010
10001
11000
10000
10100
00111
10011
11100
10010
10110
01010
11011
10011
00110
10011
01001
10111
11010
11010
01111
11111
10101
01110
01001
