10111
11000
10011
10101
11010
10010
00011
00010
10010
11100
11111
11001
11100
11101
01111
01001
11001
00111
11101
01111
01001
10110
00101
10010
10110
10100
11000
10111
01101
11101
00110
01001
01101
10001
10100
10001
10110
11110
01101
11010
00101
01111
10011
10111
00110
11110
11011
00110
01111
11110
11011
10001
10111
11010
11100
00011
10100
11110
11110
01111
11000
11100
11001
10101
10101
01001
11111
01000
00110
00011
11100
10111
11110
11101
01101
01111
01100
11000
10011
01110
01011
11111
11101
00100
10110
11100
10011
01100
10011
11000
01001
01101
10011
11011
10001
01110
10110
11111
11111
01110
