11010
00101
11001
01110
11000
11011
10100
01001
11010
01111
11011
10111
00111
11101
11111
10010
10000
00010
11001
11011
11001
10111
10111
11100
00111
11100
11111
11110
11011
01111
11100
10100
10110
10010
11010
11110
10100
11010
01001
11101
11001
01110
10110
10010
10010
11110
10000
10111
11001
00011
11110
11110
00001
11111
11110
11110
11101
11110
11011
00010
01111
00111
11001
10111
01110
10110
01000
11001
11101
01001
10010
00101
10100
11000
10101
01000
11010
10110
11011
11111
11000
00011
10110
11001
11010
01010
11011
01001
10100
10100
11011
11010
01011
00111
11110
10110
11101
00100
11101
11111
