10011
11111
10111
00111
10110
10010
10111
11101
01100
01010
01000
11011
11010
00011
01101
00110
10000
01101
00111
11000
01010
11110
01001
10110
11000
11000
00100
00100
11000
11100
01100
01010
10011
01000
11100
10010
10010
01111
11111
01101
11011
11000
11110
01001
10100
11000
11000
01000
10001
11001
10110
11110
10110
01100
11110
10001
11100
01100
11110
11111
11011
11110
10110
10101
01101
11010
10001
11011
10011
11111
01101
11101
11111
10101
11011
11010
11111
11100
10011
01101
10100
11111
11000
10110
11010
11100
01001
00101
10000
01010
11000
01100
11110
01101
10100
10110
10110
11011
10101
11101
