11111
11101
10111
01110
10011
10010
01111
10101
11111
11111
11111
00101
11001
01110
00010
11111
10011
01111
10001
11011
01111
10110
11111
11011
11111
10100
11111
00011
11001
10010
00111
11100
00001
11000
11110
00011
11111
10111
10000
11100
10110
00010
01101
11101
10111
00101
11100
10110
00111
11010
01110
10111
00111
01000
10010
10100
10111
10010
11101
10101
10100
10111
11101
11101
01000
11010
11010
01111
01011
10011
11100
01010
01111
10001
11010
00101
10111
11100
10111
01110
01001
10110
11001
11000
00100
11000
00111
01100
10110
10111
00110
11001
10111
10111
10001
10110
11110
11111
11101
00011
