00011
01011
11110
11111
10001
11110
01001
01101
11001
10001
10011
10100
10011
01110
11001
01100
10101
10110
10100
00011
11110
01101
11100
00101
00101
11101
10011
01010
10011
11010
10111
11110
01001
01011
11010
11111
10010
10110
01101
11111
11100
10001
10111
10001
10111
00101
11111
00000
11101
11110
10000
11101
00110
11111
11011
01100
11100
10100
11111
00111
11100
11111
11101
10010
11011
11001
11010
00111
01100
10001
10101
11010
01101
10100
11001
11001
01111
11000
00011
11011
10110
01110
10010
10011
11111
10111
11110
10011
10101
00010
10111
11001
10100
11010
10110
01100
11010
10111
10010
11001
