11111
11010
01001
00100
11011
01010
10111
01010
11110
01011
11011
10011
10110
00101
11101
01110
01101
10011
11111
11100
11011
11111
01110
11111
01110
01100
00110
00101
10110
01100
01100
00011
11111
10011
10111
00110
00100
10011
11111
11000
01110
11100
01101
00111
10111
00101
10011
10011
10000
10100
10011
11011
11000
10100
01100
11010
10000
11101
11101
10101
10010
11011
11110
11010
11111
10011
11000
00111
01101
11110
11101
10000
00100
10010
00010
11001
10100
11111
11010
10100
01001
11110
10011
11100
01110
11111
11111
11010
11100
11010
11100
10000
01110
00110
01110
11000
11111
01111
10111
10111
