11100
11111
11100
10011
10101
10000
11011
11110
11011
10100
01010
11110
11111
00111
11101
10101
11101
10111
10010
10101
11100
11111
11111
11101
01100
11111
00010
11111
11111
11100
10000
01110
10010
01000
01010
00001
10100
10110
01111
00011
11101
00100
10011
10010
11111
11010
10001
11011
10100
00111
11111
01101
01000
10011
10011
10011
01000
10001
10001
10101
01001
11101
01001
11110
00011
11001
10110
01000
01101
11001
10110
00100
11010
11101
11110
00101
10011
11010
10011
11100
10010
01111
10100
00011
00001
11000
11111
10011
10111
01011
10110
11100
11111
01011
11011
11101
11111
11111
00000
01110
