11011
10011
01011
01101
11011
00110
01011
10111
10101
10011
11101
11111
11010
10010
01100
00101
01000
11001
11001
01000
10011
11001
11111
11111
01101
01010
00101
10111
11101
10101
01101
01001
10111
01111
11100
11110
11111
10011
11110
00101
10011
11100
10100
10001
01111
11011
10100
10011
11000
00011
10111
11110
10111
11000
01111
11110
01010
11100
11100
01000
10101
11000
11010
11111
11101
01011
11111
11000
11111
11110
00111
11111
11110
00001
10110
11001
00101
11011
11010
10001
01100
01000
00100
11110
11000
10101
11000
01011
11111
01111
01101
00101
10100
11110
11100
11100
11100
11100
10001
11001
