10100
10011
01111
11011
01111
11100
11101
11111
11001
11110
11111
10110
11000
10001
11000
00101
11110
10011
10111
11101
10110
01011
10111
11000
01100
10010
11111
11110
10111
01111
10010
11001
11010
01100
10100
01010
11010
11011
11100
11101
10010
11111
10011
11100
01100
10110
10110
10100
10000
11011
11001
01111
11111
10011
10111
10101
11111
01100
11110
11111
01100
11111
00110
11001
10010
11101
11110
10011
10001
01001
01100
10100
01111
11001
11001
10010
10110
10101
10100
11100
10111
01111
10111
01001
00110
01110
10111
11010
10010
11100
11000
01110
10101
11010
11101
11100
11011
10111
11111
10111
