10011
11111
11111
10011
01011
10010
01111
10001
11110
11100
10111
10011
10111
11011
10100
00010
10111
01100
11110
00100
10011
01111
01000
01000
10001
01011
10010
01100
10101
11100
01110
10101
10010
00111
10001
10111
10110
11101
10010
11101
10111
01111
01111
11111
10110
11011
11000
10100
11001
10111
10000
01110
11101
10001
10010
00111
01000
11101
10110
10001
11010
01001
10101
00100
00101
11101
11001
11000
11011
01001
11010
11101
01111
11011
10111
00010
11111
11000
11101
01111
11010
10110
10001
10011
01110
10110
10010
10100
11000
00101
11001
00111
11100
11001
00101
11110
10101
11001
11001
01111
