10000
01101
11000
10110
11100
10011
11001
11101
00000
10011
01011
10011
11001
11001
11101
10111
11110
11101
11000
00110
11111
00010
10110
10100
11001
11111
10000
01011
11101
01100
10010
10011
00010
11111
10000
01100
10001
01000
11111
01011
11001
10100
01011
00101
11010
11001
11001
10101
00101
01000
11010
10001
01111
01010
11100
00110
10001
00111
11111
11000
11001
10110
10000
00001
11111
10101
10101
11110
10101
10110
11100
11100
11111
10111
11101
11111
11000
01101
01011
10100
11110
00101
01000
11001
11100
01000
00110
11101
11100
10011
01110
10100
10000
01101
11001
11001
10010
01001
10010
11011
