11001
11110
10010
01000
00111
11101
10111
11011
11100
01100
10111
11111
11110
01000
11000
00111
11111
11011
11000
10010
10100
01011
10111
01110
01010
00110
11000
11111
11100
11001
11100
10010
01011
11110
10011
00110
10000
10101
01011
11000
11011
10110
11101
11100
10111
11011
01011
11011
01100
11111
10111
11000
10110
10001
10010
11100
10001
10101
01100
01001
11011
11011
10111
01010
11101
11110
10001
01110
11011
11110
00101
01101
00110
10010
10100
10101
01110
11001
10100
11111
10100
10111
11010
10100
11101
10110
10101
10101
10111
10110
11100
01110
01000
10000
00110
10011
11100
01110
11011
10011
