11001
10101
00111
11011
10110
10010
11000
01001
10111
10001
11101
01110
11111
10011
00100
01100
00111
10110
01010
11111
10000
01000
11011
10001
10000
11111
00011
11100
00111
11110
11010
10110
10110
10111
11110
10100
01101
11110
11100
01100
01100
10110
00100
11010
11110
11111
10000
11010
01100
10100
10111
11101
11101
10100
10000
11001
11110
11111
00111
10011
11101
10011
00100
11100
11001
01001
10001
11001
11111
11110
11110
01110
10011
10111
10101
01110
11011
11001
11110
11001
10111
11101
11101
01011
10000
10100
11101
11100
10110
01001
11001
11001
11011
10000
11110
00110
01110
11001
10011
11100
