10001
10000
11100
11010
10101
11110
11110
11010
10101
11110
11111
10010
00001
11110
01011
00111
10011
01011
11010
11011
10011
11101
11001
00110
10100
11000
10100
00001
11100
01011
01010
00101
11111
10111
11101
11000
00011
11001
00100
11011
01111
11110
10001
11111
11001
11101
01101
11011
11000
11000
11101
11111
11100
01100
11000
10110
11001
10101
11100
11000
10110
11100
10001
01111
11111
01000
11001
01001
00110
10010
11100
11111
11100
01100
10011
01001
10110
10111
01000
11101
00110
11111
11100
11111
01110
10011
10110
11110
00111
01110
01100
01001
11100
01110
11111
10000
00101
11101
00100
10010
