10110
10100
10011
10101
11100
01110
11011
11011
11110
01101
01100
11111
11100
10110
10111
11111
10100
11111
10101
00011
00111
11010
00101
10101
11000
11101
11011
10011
01101
11001
10010
01001
10001
11110
01011
10101
10110
11000
11110
00100
01010
10100
10000
10011
11010
11110
10101
11011
00000
10011
10101
10110
11011
01100
11101
10101
01010
11000
01101
01010
00011
10001
11111
01110
11101
01000
11010
11101
11001
11011
10010
01110
11110
01001
10110
01101
11001
11110
11101
00001
01001
11100
10110
11010
01100
01110
01001
10100
11011
11011
10011
11101
11110
10110
10000
01111
10011
01111
10001
10100
