01001
11111
00111
10011
11111
10001
11101
01001
10010
10010
11110
00111
11000
01011
00011
10111
10111
11000
11110
01100
11011
10010
11011
11001
01110
01000
01111
10100
11011
11000
01111
10000
11111
00111
11010
11110
11100
11010
10111
00111
11110
11101
10011
00110
10011
11111
11110
01100
10011
10110
10110
10111
00001
01111
10001
11000
10110
11100
00010
11111
11111
10110
01110
11101
11001
11110
01110
10110
11000
11110
11101
01100
01110
11000
00011
11110
01111
10100
00000
10000
11011
11101
11111
11101
01101
11110
11001
01110
11011
11110
10010
11110
10111
01100
10111
01000
01010
01100
10011
11110
