11110
11110
10010
10110
10001
01000
11010
11111
11111
11000
11001
11000
10100
10110
00100
11111
10001
11101
11001
11111
11011
00001
11010
11001
11111
10010
10100
11110
00101
10111
10011
10101
01000
11111
10111
11101
10000
11111
01101
11100
11101
01000
10000
10001
11001
01100
11100
10000
10011
10111
11001
01110
11111
10011
01111
10011
10110
11010
10010
11111
01010
00011
11010
11000
11000
11101
11111
00111
01100
10000
11010
11111
11011
01000
11011
11000
10000
11110
11110
00001
11110
01111
11101
10001
00100
00101
11011
10101
10110
10011
10010
10000
10110
11011
11111
11100
01000
11110
01111
01111
