11011
11100
01000
10001
01111
10000
10111
10101
01000
00101
11100
01000
10100
11001
11010
01011
01111
11001
10011
11101
11011
10101
10110
10111
10011
11010
11111
00011
11101
10111
10101
01100
10011
01111
10011
11101
11010
11010
10011
10110
10101
00100
11110
11101
11111
11001
01111
00010
11101
11001
10101
00010
01001
10110
10101
01010
11111
11010
11110
11010
10101
10100
10101
00111
11010
11000
10001
10010
01101
00011
10100
01001
10100
11100
00111
01010
11110
10001
10001
01001
01110
11110
10101
10100
11110
10110
11111
11011
11011
01000
10111
11010
10011
11100
01001
11001
10101
10010
00100
00100
