11100
11101
01111
10010
01110
11111
11110
10000
10001
10110
01010
11011
01111
10001
11010
01000
11101
10011
10011
11011
10111
11011
10111
01100
11001
10110
01101
10000
10010
10010
11001
10110
00010
01111
00110
10101
11101
10110
10000
11011
01100
01111
00110
11100
11101
01101
00110
01011
10110
01000
10100
01101
01001
01100
11000
10111
11101
11011
00101
10100
11100
11011
10111
11110
10011
01011
10011
10101
01001
10110
11110
11100
10000
01101
11001
01000
10100
11100
11111
10010
10011
11111
10101
11100
10101
11101
00111
10111
11001
11110
01000
11111
00010
10010
01001
11111
10101
01111
11000
11001
