10001
11100
00000
00100
10110
11010
00101
11011
10001
11100
10111
11010
00100
01111
11100
11001
10110
01011
11010
01001
10111
01111
11010
10011
11000
10110
11100
01110
10110
11110
10111
01011
10010
00010
11011
00100
01111
11100
10111
10000
11010
00111
01111
00010
10100
10111
11101
01101
01100
10111
01101
11101
00110
11110
10101
11100
11001
00010
01110
11111
11111
11001
11000
01001
10010
11000
11000
10100
11101
11100
01000
11110
11011
11110
10111
11110
10011
11010
11010
10000
11101
11101
10010
10111
10110
00011
11000
10110
10011
10000
11001
10101
11011
11100
01011
10010
11110
10111
10111
01100
