11001
11010
11000
10110
11100
01001
10001
10000
00100
10010
11110
11010
10110
10111
10101
00111
10110
01111
11111
10110
10101
01011
11000
11101
11101
11010
00100
10011
11011
11110
10000
11010
00100
01111
11000
11011
11001
10101
10011
10001
11011
10100
01001
11111
10100
11011
11100
10001
11101
10010
11011
10001
01110
11101
01011
11110
11111
01111
10011
01001
11100
00110
10100
01111
10011
11011
11110
10001
11111
11001
11001
11010
10110
01000
10010
01101
10001
01111
00101
10100
11101
11010
11111
11000
01100
11101
10010
11000
11101
11001
10111
10000
01110
11111
11001
01011
10111
00011
11111
10000
