01100
00111
00110
01110
00001
10111
10111
10011
11011
11110
11000
10111
10000
11000
01111
00101
11111
10011
00110
10000
10101
11100
01110
11010
11110
10010
01111
10010
10011
01011
11000
01111
01111
10001
10000
11010
11001
11111
10011
00101
11100
11111
10110
01111
10110
11110
01111
11111
11110
10010
11110
00111
11011
11111
11111
10110
10000
11011
10111
11000
11100
10110
01111
11011
11010
11010
11001
01100
10111
01111
11010
10011
00001
00100
11111
11011
10111
01100
11111
11000
01110
11001
11110
10110
10111
11010
11010
00111
11000
01010
10101
10110
11001
01111
01100
10001
11101
01110
01000
11001
