11011
01100
00100
11101
11110
01110
11100
10010
10101
11011
11111
11001
11110
11111
11110
01110
10010
11101
01000
10110
00111
11110
00111
11010
11011
11001
01001
01101
11101
10110
00111
10011
11101
01101
00100
11001
11001
01111
11100
11101
01100
11001
01110
11110
01000
11001
10101
10010
01011
10111
11101
10111
00110
10010
01000
11000
01000
11010
10010
10111
11011
01101
11011
10000
00010
11000
00011
10000
11001
01111
10111
10000
11100
00111
01000
11000
11100
11001
11100
11101
10100
11110
01010
01101
11111
01000
10100
10101
11111
01111
11110
10110
11001
01101
11100
10110
10110
00110
10010
10010
