11101
01110
10100
10011
11100
10010
11110
01001
11011
01001
10010
10001
01101
10110
11011
11000
10100
01010
01110
10101
11101
01111
11011
11011
01111
11011
01110
11111
10111
11011
11110
11010
11001
11100
10111
00100
10010
10101
10111
01111
01000
01100
10001
00011
01111
11000
01101
11111
01111
10100
11000
10110
11011
10101
01010
00111
10000
11100
10111
00110
10100
11001
11110
01110
01011
11000
10010
10010
11110
11001
01011
01100
11101
01110
01110
10110
10111
01111
11101
11101
11000
11011
11101
11011
01110
01111
00100
11001
10011
11100
11010
10010
10111
01000
01000
11111
11000
11111
10111
10110
