01110
01111
01001
11101
11110
01100
01111
11110
11001
10111
10111
00101
11111
10111
01001
10111
01100
11100
11111
11110
11000
10100
01101
00000
00101
11100
10000
10111
01110
11011
10101
11100
11001
11110
11101
10111
10111
11011
10110
10110
00110
10000
10010
00111
10001
11000
00010
01111
11001
11101
10011
10111
00101
11110
11100
10110
01110
11000
10111
00111
11011
11000
00111
10111
01111
10000
11101
01010
01100
11100
10000
11100
01111
10111
11110
10111
10110
10111
10011
11011
01011
10001
10101
01111
10001
10100
10101
11010
10111
10111
00101
11000
10100
01110
11010
01101
10001
11111
10111
10001
