10111
11010
10110
00100
10110
01110
11100
10100
11100
10101
10010
10000
10100
11110
11101
01111
10101
10111
11110
10110
11100
11111
00111
10100
11001
11110
10011
10110
10110
00100
11110
01111
11100
10110
11001
01101
00101
01000
01111
10111
10111
00110
01110
01110
11100
10100
10001
01000
00100
10111
11101
01101
01010
11111
01110
00000
10111
01010
11111
10001
00001
11010
01110
11111
10101
01001
10011
10110
01100
01111
01010
10010
10111
10010
10100
11111
01111
00101
01111
10001
11110
01001
11110
11000
10010
11111
01101
01001
11011
11000
11011
10110
11110
10110
11010
00100
11101
11100
11011
10111
