11110
10011
11101
11010
11010
10110
10000
01111
11111
10000
11100
11010
11110
10010
11011
00110
11101
11011
10111
00101
11100
11110
11001
10100
11010
00011
11011
00110
11101
11111
10110
00001
10100
01101
00101
11000
10000
00001
01010
10110
10101
01111
10100
10110
10011
11100
10101
11111
11110
00100
01100
00101
01100
11111
01111
01100
11101
11011
01000
10000
11110
10101
11100
11011
11011
01101
10001
01100
10010
01111
00111
10100
00111
00101
10000
11001
00111
10111
01101
10100
11101
11011
10110
01111
01100
10011
11101
10110
11000
10011
01101
10001
11011
11111
11001
11010
10011
10111
11110
11111
