11110
10111
11010
10010
10011
10110
01110
10001
11000
00100
11110
10011
00111
11001
10010
11110
00110
11100
11111
11001
11111
11001
10001
01100
10010
10010
11010
10010
11110
10000
11111
10101
01111
01010
11111
11011
10101
10001
00100
10111
10010
11001
11111
10101
10110
01001
01110
01111
11001
00111
11111
01111
01101
11010
11111
11011
10001
01111
11001
01111
11101
11000
00110
10101
01010
10111
10100
10100
10111
10011
01011
11000
11101
11100
10010
01111
01000
01100
00100
11010
10110
11010
01000
01101
10110
00111
11101
10101
11100
01111
11111
11100
11000
11000
01001
10010
10110
00011
01000
10001
