01111
00100
11100
11011
00011
01000
11101
10100
10010
10011
10111
01101
11010
10000
10101
11001
01111
11111
11001
11011
01101
00101
11011
11101
10101
11100
11010
01001
00101
10110
11110
10011
01111
10101
00111
11011
01111
11111
01001
00100
11011
01100
01110
11000
11100
00000
10110
11111
11101
11011
11001
11111
10111
11101
10101
10111
00101
11110
11000
01011
11011
10011
00000
11011
00101
11101
11111
01001
01100
10001
01010
01001
10010
01110
10100
10011
10101
11000
01100
10100
10100
10010
00110
00001
01000
11010
11000
11001
11110
11111
10011
10111
10000
01111
10011
11101
01101
10101
01111
11000
