01110
10111
11110
10110
11011
11110
11011
10111
00101
10111
01101
10000
11100
11111
10100
11101
10000
01001
10011
10001
01110
10111
01100
11010
11101
11010
11110
00100
10011
00101
00110
11011
00001
10010
01101
00101
10110
11010
11100
11100
11110
01110
11011
11000
01011
10010
10010
00110
11111
10011
11000
01110
11010
10010
10000
00001
11001
01111
01010
11010
11110
11111
10011
11010
10111
10110
01010
11011
11111
10010
01111
11100
10000
11000
10010
11000
10011
00001
01000
00101
00100
01111
11000
10111
01011
11000
11000
10001
11101
01111
01110
10111
01001
01101
10011
10011
11100
11101
10000
11100
