10111
11000
10111
11000
10010
10001
11010
11000
11111
10100
11000
10110
10011
00101
10101
01011
01111
11100
11001
11111
11100
10101
11111
00111
11010
10010
10100
11011
10001
11111
01101
10010
01110
01010
11101
11011
00010
11111
10110
10010
10001
10111
10010
00010
10111
00110
01101
11111
11101
01100
00000
11101
00110
11000
11100
11011
10110
01101
11110
11111
00011
11111
11011
11100
11011
11011
01100
11100
10100
01010
10110
11011
10010
11110
11000
10110
01010
10110
11000
10111
11010
11010
10111
10100
00011
11011
10101
01001
11110
11010
10100
10111
10110
10001
01110
11101
10110
01011
01001
10100
