01100
10111
01000
01001
11110
01000
11110
01110
01001
00001
01011
00100
10110
11111
10100
11010
10010
11001
10111
01010
00010
10110
01110
11111
10011
11011
10010
11111
00101
10111
11000
11111
10101
10011
11001
11100
10101
10110
10100
10101
01110
11111
10001
10001
11100
01001
11001
00111
10111
10011
11111
01001
10011
10011
10000
11101
10101
11010
10001
11111
11111
11000
00100
11011
00100
10001
10001
00100
00011
10110
01010
01011
11001
10011
01101
11101
00001
10001
11000
11011
11000
11100
10001
11101
10111
00110
00010
10110
11100
10110
11111
10101
10011
00001
10011
10011
01000
10111
01111
10111
