10000
11001
00110
01001
01010
00100
01001
11110
10001
01100
01000
11110
11110
11101
11010
10111
10100
01011
11110
10010
11001
10111
00101
01011
01000
00101
11000
11111
11001
11111
11111
11001
11111
11010
01000
10101
10100
01101
01001
00110
10000
01000
01111
01011
01110
11010
01001
00100
01110
01111
00101
11101
11111
01100
10000
01100
10010
11011
00001
11010
01110
01100
11001
11000
11110
10011
11010
11100
11111
11101
11110
10001
00010
00100
11101
11111
11000
01111
10000
11101
01100
10001
11000
11101
11110
10110
11011
01000
00110
10011
00111
01010
10111
11100
10111
11010
01010
00011
11010
11100
