01001
00100
00111
01001
11010
10000
00001
11111
11111
00101
11111
11001
10100
11111
11101
10100
10110
01111
00100
00011
01101
11100
11111
10110
00010
11111
11101
11010
01000
10101
01001
11111
11000
11111
10000
01010
01011
10001
10000
11111
00110
01001
11000
01001
11110
00000
01001
11011
10110
11000
11000
00100
11101
01110
10110
11100
11110
11111
10001
11110
10101
11100
11100
10111
11101
11111
10000
01111
10000
10101
01110
00111
10101
00100
10111
11100
10100
01111
11110
00010
00011
11101
00100
11111
10110
11000
11000
01101
11000
11101
11111
11110
11001
01011
01111
01101
01001
11111
00011
11101
