10011
11010
11100
00110
10011
11111
11111
01000
01100
11111
11110
01010
01111
01001
01110
00110
11111
01101
01101
01101
11110
10111
11111
11001
11110
01110
01011
10010
00111
11001
01011
10111
10011
11110
11111
00011
01100
00111
01110
11010
01111
11011
01000
11000
01110
10110
10001
11010
10100
11110
10001
10110
11101
01110
00111
10011
00111
00110
00011
11110
10100
11101
11111
01001
10101
11000
10010
10001
00101
10100
11111
10100
00111
11110
00000
11110
10011
10011
10110
10010
10100
00110
10111
00100
01101
10110
00111
00100
10101
10101
10001
01011
10010
10011
01101
10111
10110
11011
11011
00011
