11110
11110
11110
00011
10011
11000
11011
11101
10101
11101
11100
10001
10011
11111
11000
11000
11010
10001
00101
01110
11001
11101
01001
11101
11001
11000
11100
11001
01111
11000
11000
01011
11101
11111
01011
01110
11011
01100
01101
00001
01111
00100
11100
11111
11111
11101
10101
10101
10101
01011
01110
11000
10111
10111
01011
10110
10010
10111
10010
11001
11001
00100
11011
01110
10110
11111
01110
01001
10100
11010
01111
11101
01001
00110
11100
01000
10101
10000
11110
11011
10011
10001
01011
10111
11101
11101
11111
01100
01000
01101
10010
01101
00000
01010
01101
00011
01100
00110
11101
11011
