11010
11101
00011
10001
11011
00101
11000
11010
11011
11000
10111
01101
10000
00101
11100
10010
00100
11000
11111
10011
11101
11010
10101
01110
01110
10010
10100
10001
11101
10001
10001
11110
11000
10010
01110
01001
10110
11101
01110
11111
11100
11001
01110
10011
10010
00000
10010
10110
11111
11110
01001
00100
11110
01001
10110
11010
10111
11111
11100
10101
10011
10010
11000
10010
10111
01000
11111
10010
00110
10010
11110
11101
01110
00110
10010
00111
10100
10010
10001
10000
01000
11111
10111
00111
11010
10011
10000
10111
01101
11011
11101
10000
11111
00011
10000
01100
10110
01111
01001
01111
