10001
10100
01111
01100
01100
10101
11000
11101
10111
10011
11110
00010
11110
11010
11000
11101
11010
10010
00101
10111
01110
10000
11111
11100
01100
01100
01100
00011
00110
01110
11000
01100
00001
11001
11101
10000
10010
01001
10011
00110
00010
10100
10100
11001
10010
11110
11010
10011
11110
01010
11111
11010
00111
11000
10100
11101
11101
10010
11010
11110
10110
01011
11100
00101
00101
00011
01111
10111
11010
10110
01101
01011
01100
11101
11001
01110
11100
11111
10111
10001
01110
10000
00110
00001
10011
10111
00001
11100
11110
10011
01001
11111
10100
01000
11110
01101
10011
11100
00000
11010
