10011
00110
10001
00100
10111
01000
11001
10111
01110
11101
01011
10101
01001
11111
11110
11111
10111
01101
10010
00111
11001
11110
10001
11101
10000
11100
11100
10111
11000
10101
11111
01000
11000
10000
11000
11111
11111
11100
10011
11101
11011
00010
00111
01110
11101
11000
11011
10010
11101
10111
11111
10000
11001
00010
11001
11001
10100
10110
01011
10110
10001
11111
01111
11110
01000
11101
11101
01111
01100
00111
01001
00100
01000
11111
10011
11101
11010
11111
11011
11011
11010
10101
00010
10110
11111
11100
01100
01101
10110
11001
10011
11101
11011
10011
10001
11011
01110
10010
00111
11100
