11101
00101
11000
01111
11111
10111
10011
11000
11101
11011
01000
11110
01101
01101
10100
11001
10110
10100
10110
10111
11011
01111
10000
11010
01100
00001
01100
10011
01111
01010
01011
11111
10001
11010
11010
10110
01100
10010
10001
11110
10111
10000
11101
11110
10011
10110
11110
01100
01011
11111
11111
11110
01111
01110
11010
01110
11110
11100
10000
00011
01101
11110
10000
10111
11000
00000
00010
11010
01111
10000
11100
00100
11110
01001
10010
10110
10110
11000
11001
10000
11111
10000
00100
01111
11101
01111
11101
01110
00110
00011
11000
11011
01101
00100
11010
11000
10110
11110
11010
01111
