01100
10010
10111
01011
00111
11111
01001
10000
00110
11101
11110
10011
10111
00100
10111
01001
11101
01100
01000
11100
10011
10110
11001
01011
10111
10111
11001
11110
00011
00010
01001
00001
11101
00111
11000
11011
11100
00110
11111
11111
10010
11101
00110
11001
01110
10110
00011
11010
01111
00100
10100
10000
01111
10011
01010
11011
01111
11101
10010
10111
11011
11110
01110
11001
10101
10011
10000
00100
10010
11101
10111
00000
10011
01011
11000
01000
11110
11110
10001
10000
10001
11000
11001
10000
10101
11110
01101
11011
11101
10010
10100
10100
10100
11011
01110
10110
00110
10001
11100
01100
