10011
01111
01001
10011
11011
01001
11100
10110
11101
01101
00000
10110
11100
11101
10100
11101
00001
11101
01000
11100
01111
00111
10111
10101
10110
01000
11011
01100
10110
01101
10011
11000
10110
11000
11011
00111
10000
00100
10001
11010
11101
10001
01000
11100
01000
11001
11011
10111
10011
10100
11011
01101
01110
11010
11110
00000
00101
01100
11110
01101
11101
10011
10101
11110
01000
01111
01111
11110
11011
11000
11110
00110
11010
11001
00010
11101
11010
01001
11111
11001
10100
10000
01101
11001
01111
11110
11101
01101
01110
10111
11110
00110
11011
10010
01110
01100
10001
11011
10111
11101
