10011
11101
10001
01000
11101
11101
01110
00111
10111
10010
10100
11001
11111
10000
10111
11111
10101
11101
11101
11100
10101
10011
01111
10010
11010
01111
10111
10001
01000
10111
11100
01000
10100
11011
11001
00010
11111
10001
01011
11101
11100
11100
01110
01110
10000
11100
01011
11001
11111
10100
11111
10011
11101
10100
11100
11000
00101
01111
11100
01111
10011
01101
10010
00100
10011
11000
00011
01000
11100
01110
10010
11011
10110
01100
10101
11010
00001
10100
11101
01100
11010
10110
01110
10001
10101
11001
11111
01110
11010
00110
10111
10111
01100
11000
01101
11011
10100
11111
11101
01101
