10110
10111
00011
01110
10110
11100
10010
11011
11101
11100
11111
11100
01101
11000
01110
00000
01111
00001
10011
01010
11000
10111
00011
01011
10101
01100
11101
10110
11100
11001
11100
11000
11001
00101
01111
10011
01010
10101
10100
01100
11010
11010
11101
11001
11000
10110
10001
11111
01101
11011
10100
01100
01001
01000
11011
11101
00111
11100
10110
10011
11110
11101
11111
11011
00010
10001
11100
00101
11110
10110
10001
10000
11101
10000
10010
11000
11000
11101
10101
01000
00110
01110
10000
10001
11110
10010
11010
00100
11010
10100
10000
11101
10011
10001
11000
11110
00100
10011
11111
11110
