00000
10111
11110
11001
01110
01110
01111
11110
11010
11011
10101
10001
11111
11010
11111
10110
00010
01010
11100
10101
11101
10101
11100
11000
10100
11100
11011
01111
10001
10011
10001
11110
11100
11011
11011
11111
10100
11010
01110
11101
00101
11011
11101
01100
11101
11000
11111
11011
10111
00111
11011
01010
10100
11101
11110
11000
11000
11010
10100
10010
10000
10011
00100
00100
11101
10110
00000
11110
11110
01111
10110
11010
01101
10100
11000
10111
11010
10101
11110
01110
01011
11111
00010
10111
10011
10111
11001
11111
10000
00001
11011
10110
11110
00100
00010
11001
11111
01100
11000
01101
