11001
11000
00111
11101
11001
11111
01100
10101
01100
11011
01110
11011
11110
11001
11110
10001
10110
10110
10110
01010
00110
00110
10101
10110
11010
11110
00010
11010
11110
11001
00010
11001
10001
10111
10010
11110
10110
10011
10101
11010
11010
10101
10010
10100
01111
11110
10111
11111
01111
01111
01110
00110
10111
11111
11010
10101
01101
11000
11001
01001
11111
10011
00111
01011
01100
10100
01001
01100
10110
11111
10111
11110
10001
10011
10011
11000
01101
11011
11000
01000
11001
11010
11011
00101
01000
11100
10011
11011
01100
11111
10011
11101
01101
10001
11110
10101
01001
10001
01110
10111
