11101
10011
10011
10101
11001
01101
11111
11001
01001
11101
10001
10011
01111
10011
10101
11011
11111
11110
01111
10011
11101
10101
01111
10111
11101
11011
10111
01101
01001
11011
11111
11101
11111
10011
11011
11011
11111
11001
11110
01111
10001
11111
11111
10011
10111
01101
11111
01111
10111
10001
11111
10001
10011
10101
11101
10001
10101
10111
01011
11101
10111
01111
10101
11100
11111
11111
11111
11101
11000
10011
11110
11111
01001
10111
11111
01101
11100
11111
10111
11111
11111
11001
11001
01001
10101
11010
11111
11100
11111
11111
10111
10101
10011
10011
01111
11110
11101
01111
11110
10001
