01011
10011
10001
01101
11110
11001
01111
11101
11011
11111
11111
11101
10111
11011
11001
10011
10111
11011
11001
10001
11101
10101
10111
11101
01001
11101
11001
11111
10111
10111
10001
11111
01101
11001
11001
01111
10001
10001
01101
11001
11111
01001
11111
11011
11111
11011
10001
11001
01101
11111
01111
01101
11111
10011
11011
10101
10101
11111
11101
11100
10111
01101
11001
11101
01111
10101
11001
01111
10111
10011
01001
01011
01111
11111
11000
01101
10111
10111
11011
11100
10111
01101
10001
11111
10011
01001
11111
10101
01011
01001
11000
11100
10001
11011
11001
10101
11010
11111
01111
10011
