10111
10011
11111
01001
10101
01011
10001
10001
11111
11010
01101
11001
10111
11111
11000
01101
11100
11001
11100
10011
10011
11111
10011
01011
11001
01111
01101
10011
11010
11111
11101
11011
10011
11011
01111
01111
10111
11001
11011
01011
10011
11111
11111
01111
01101
11110
11001
11001
11001
11111
11011
10001
01001
11001
01111
10001
11011
11111
10111
11101
11001
01111
11110
01111
10111
01011
10111
10011
10111
10001
11111
10111
11111
11011
11111
10001
11110
10111
11001
11111
10101
11111
11011
10001
11011
11011
11111
01101
11011
10101
11011
01111
11111
11111
01111
10101
01101
11111
11100
10101
