10101
11111
01111
11101
01001
01111
01011
10111
10101
11011
10111
11111
11101
11000
01111
01001
10011
11111
01101
11001
11100
10011
01111
11011
01101
10111
10011
11111
11010
01011
01111
01011
11101
11110
11011
01001
11101
11010
11010
10001
10011
11111
10101
10001
11101
10111
11110
10001
11100
10101
01111
01101
11111
01101
11011
01101
10111
11101
01011
10011
11111
01001
11000
01101
01001
11111
11111
11001
11111
10011
11110
10101
01001
11001
10101
11011
01001
10011
11111
11100
11100
01101
10101
11111
10011
10101
01101
10001
10011
01101
10001
01001
10001
11011
11101
10011
01011
11111
11001
01101
