11111
11110
10101
10111
11111
11001
11101
11100
10101
11110
11101
11011
01111
11111
10101
11111
11110
10001
11101
11111
11100
11000
11111
11110
11001
11100
11101
11011
01111
11111
10011
11011
11111
11100
01111
11101
10011
11010
10111
11101
10101
11011
11010
11111
01111
11101
10101
10101
10111
10111
10111
11101
10001
11011
10111
11101
01001
11001
11111
10101
10011
11101
10011
11010
11101
11011
11010
11100
11011
11011
11101
01111
11101
11010
10111
10111
01111
10001
01111
10101
11110
10101
01001
10001
11011
11110
11011
10101
11111
11111
01001
10001
11111
11101
11110
01001
10011
10011
10101
11011
