01101
01101
11101
11111
11001
11001
11111
11011
11101
11111
10011
11111
10101
01111
11110
10111
11011
11101
11111
10111
11101
11111
01001
11110
11100
11111
10011
11101
11101
10001
10011
01011
11011
10101
10011
11011
10011
10111
10111
11000
11100
11001
11111
10001
11001
11111
11101
11111
11001
11010
11010
11110
01001
01111
11100
10111
11001
10001
11101
10001
10111
01111
11111
11011
11110
10111
11111
11011
01011
11110
10111
10111
10011
01101
10101
11100
10011
10111
10001
11001
11001
01011
01101
01111
01001
01001
11101
10111
01001
11100
11011
01101
11011
01111
10101
10001
01101
10001
10101
11001
