11001
10111
01101
01001
11101
11011
11011
01101
11101
10101
11101
11011
11011
11101
11101
11101
11001
10101
11101
11001
11111
11010
11010
11101
11001
11101
01101
11011
11111
10111
11011
01101
11110
01101
10111
11011
11111
11101
11101
01101
11111
10111
10001
11111
10101
01001
11010
01001
11001
01001
10111
10111
11101
10111
10011
11111
11001
11011
11101
10111
10111
11010
11110
01111
11011
10111
10111
10111
10011
11111
11101
11010
10101
11101
10101
10111
01101
11100
11001
01001
10001
10101
10001
11011
11101
11011
11001
01001
10011
10111
10111
11101
11001
10111
11101
01011
01111
11011
10101
11011
