11001
10101
10001
10011
11001
11011
10011
10101
11001
11011
11000
10111
10101
10111
01001
01111
10111
11111
10111
10111
11001
01011
11001
11111
10001
01011
10011
10101
01011
11101
10111
11111
10011
10001
11110
10101
10111
11001
10001
10101
01001
10011
11111
10111
11111
01111
11100
11101
11100
01111
11001
11101
10111
11101
10111
10011
11111
11101
01011
11001
11110
11001
11011
10011
01111
01001
10011
11111
10111
10111
11011
11111
01011
10111
11011
10001
11101
01101
11111
01111
11101
10101
01001
11111
10101
10011
11101
11001
01001
11111
11101
01001
11100
10011
11111
11101
10011
10001
10111
11111
