10011
01001
11101
01001
11001
11001
01111
10011
11011
01111
10011
01111
11101
10001
10001
01001
10011
11111
10101
01001
11101
01111
11111
10011
01011
01011
01101
11010
11101
11010
11111
11111
11001
11011
11111
10111
10101
10101
11001
01011
11101
01111
11101
10001
01111
10011
10111
01001
11111
10011
01001
10001
11011
11101
10001
10001
10111
11010
11001
11011
10001
10001
11001
11111
11101
10111
11101
10101
11100
11110
10101
10101
10111
01011
10011
11101
11001
11001
10111
10111
01001
01111
11001
01111
11111
10111
11111
10111
10111
01111
11011
10101
11111
10011
01011
11111
10011
11100
11011
11111
