01101
10101
10001
11001
01011
11011
11111
11101
11011
10101
10111
11001
10111
11111
11100
01111
11101
11001
10011
11011
01001
10101
11001
10011
10001
11101
11111
01111
01101
11111
10111
10111
11101
11101
01001
11001
10011
01111
10011
11011
11101
10011
11111
11011
01001
11001
11100
01001
11011
11110
11111
10011
10111
11111
01101
11110
10001
10101
11011
10001
11111
11101
10111
11011
11101
11001
01011
10011
11111
01011
11111
11001
11101
11111
01101
11011
10111
11101
10111
11011
10011
11001
10101
11111
10011
11011
01111
11001
10111
01101
10101
11010
10101
11001
11011
10111
11100
10001
10101
11101
