11011
11111
11111
11001
11001
10111
10111
10101
01011
11011
11111
10111
01111
10011
10111
10001
11101
11011
11111
10001
01101
11101
01111
11001
11101
11001
10101
11001
11001
11111
10101
11111
10111
10101
11110
11001
11110
10111
11101
10111
11110
11001
11011
10111
11101
11111
11110
10111
11111
10011
01111
10111
10111
11011
01111
11101
11100
11111
11100
11110
01101
11101
11001
10001
11011
11111
10011
11011
01111
01001
01101
01011
10111
10011
10101
11111
01111
10111
11011
01001
10011
11011
01111
01111
01101
11110
11101
11011
01101
10101
11111
11100
11111
01001
10111
10101
10111
01101
10111
11110
