01001
11111
11101
11001
01111
01101
10001
11001
11011
11111
11111
11101
10001
11001
11111
01111
10011
01101
11111
01101
11001
11001
10101
10101
10101
11111
10001
10111
11111
11111
11001
01111
01111
01001
11011
11011
10101
11011
11101
01001
10111
10111
10111
10011
10111
11001
01001
11001
10101
10111
01111
11010
11101
01001
11011
11111
10111
11011
01001
10001
10001
11111
01111
10011
01101
10101
01001
01011
10011
11101
01001
01101
11100
11101
01111
11101
11101
01011
10111
01001
11111
01101
11101
01111
10001
01001
10111
11101
10011
10101
11011
10111
01111
01101
10011
10101
11111
11011
11111
10001
