01101
01111
11011
01111
10011
01001
11111
01111
10001
01111
11111
11111
10101
10111
01111
01001
01111
11110
11011
01101
11110
10011
11101
10001
01001
11001
10111
11010
10111
10001
01111
01011
10011
01101
01111
11101
01011
11110
10111
11110
10111
11101
11101
11111
11111
11111
10001
10011
11001
01111
11110
11111
11111
01001
11011
10001
01001
11011
10101
11101
11110
10111
11111
11101
10011
10011
10101
10111
10011
11111
11111
11001
01101
11111
11010
10111
11101
10011
10011
11001
11011
10111
11100
10101
01101
11110
10101
01111
11111
11001
11101
11111
11011
11111
11001
11010
10011
10011
11001
01101
