10001
10011
11111
11110
10011
11001
11101
10101
11001
10011
11110
10011
11000
11110
11000
10111
01111
10011
01001
11101
01011
10111
11100
10111
11111
10001
11111
11101
11110
10111
10001
10111
11011
11101
10111
11111
10001
11001
01101
11011
11101
11101
01111
10011
01001
11001
11001
11111
11011
01111
11101
10111
11011
10111
01001
11011
10001
10101
11101
11001
11111
11111
11110
11111
11011
01111
01101
11100
11010
11011
10001
10101
11011
01101
10011
10101
10111
01111
11001
11011
11001
11110
10011
11011
11001
11111
11101
10001
11111
11011
11011
11111
10101
10111
10011
11101
10111
11111
11010
10101
