10011
01111
10101
10001
11001
10111
11001
11011
01001
10011
01111
11111
01101
11111
11101
10111
01111
11110
11111
11111
01111
11101
11111
10101
11110
10011
01111
01001
11101
10011
11101
01101
01111
11101
01101
01111
10111
11101
10111
11001
11011
11111
01111
11111
01001
01111
10001
01111
01101
11011
11101
11011
10111
01111
11001
01011
11011
10101
11101
10111
10101
01001
11001
11111
11010
11011
11011
11001
11111
10111
11011
10111
10111
11011
01101
10111
11111
10101
11001
11101
11110
11110
11111
10011
11011
10101
11100
01001
10011
10011
11011
10101
10111
10111
10111
10111
10111
10111
11100
10011
