11111
01101
11011
11111
11101
11000
01111
11011
11011
11110
01111
10111
11110
11111
10111
01101
11011
11100
11110
10111
11101
10011
01111
11101
11011
10001
11001
11111
11111
11001
01001
01111
11111
11101
01001
11111
10101
11100
11001
01101
11110
10111
01111
11011
01001
11101
11101
11101
11011
11111
11100
11011
11001
11101
10111
11011
11011
11110
11111
01111
11101
11011
11000
11111
10011
10001
11111
10011
11001
01011
01111
11101
11001
11111
10011
11001
11111
11011
01101
01101
10101
11101
11011
10011
10011
11111
01111
01111
11011
11001
11111
01101
11011
10011
10101
11111
10011
01011
01001
10001
