11011
11011
10111
11101
01111
11000
11101
01111
11110
01111
11100
11100
10001
11111
10111
11101
10001
01101
11001
01001
10011
10011
10011
10111
11011
10011
10011
11111
01111
10011
11010
10101
10011
11110
11010
10111
11011
11101
11110
10111
11101
11111
10111
11001
11111
01011
10111
11011
11101
11111
11110
11011
11111
01011
11101
11001
11011
01101
11110
11111
10011
10101
11001
11010
01101
11001
10111
11101
10111
11011
01001
01101
11111
10011
01111
11101
11111
10011
10101
01111
11101
11101
10111
11001
11101
01111
11010
11000
10111
11001
01011
11011
11011
01111
11011
11100
10111
10011
01111
01111
