11001
11011
10101
10111
10101
10101
10111
11101
11111
01111
10101
11101
01111
10011
11011
11010
10001
11011
01001
11001
10111
01101
10111
01011
11101
01111
11100
01001
11101
11111
10111
01111
01101
11111
11101
10001
11111
11000
01111
10111
10101
11011
11011
10111
01101
10101
11011
01101
01001
11101
10111
10011
11100
10101
10011
11110
10011
11111
11011
10011
10001
01001
11101
11111
01101
11111
10101
11000
11001
11011
10101
11011
10111
10111
11110
11001
11011
01111
11010
01001
10011
01111
11111
11111
01111
11001
10111
10001
10111
01011
11011
11111
11110
11010
10101
10011
11011
01111
11111
10101
