11001
11101
11000
10011
11101
11101
10011
11111
10111
10101
10111
11111
11110
01101
11101
11111
11011
11111
11111
01001
11111
01101
11000
10111
11011
11101
11110
11111
11010
11000
01101
11111
01011
11001
10011
01101
10011
01101
01011
11111
11100
11101
10101
01001
11001
10111
11101
11001
11111
10001
01001
01101
10001
11101
11001
10101
11101
11111
10111
11010
11001
11111
11011
11111
11101
10001
01111
10101
10101
01101
11101
11111
11111
10111
11011
11111
11100
11111
10111
10001
10111
01101
01011
10001
10101
10111
11011
01101
11001
11110
01101
01111
11011
01011
11000
10001
10001
10011
11111
11000
