01011
01011
11111
10001
11111
11101
11111
10101
10001
11000
11101
10011
01101
10011
01111
11110
10101
11110
01111
01101
10001
01111
11001
11001
01001
01001
10101
01111
11001
11101
11011
11111
10001
10101
11100
11111
11010
10001
11101
01111
11111
01111
11111
10111
11111
11011
11010
11101
11100
11101
10101
10101
11000
11101
11111
01111
11111
11101
11011
11101
11011
10011
11100
01001
10111
11101
10001
11100
11110
10011
10001
01001
01111
11101
11101
10011
10001
11100
11011
01101
11101
11111
11111
01101
11101
11010
10011
01111
01101
01001
11001
11011
10101
10001
10101
11001
10011
10101
10011
11001
