11111
11100
10001
10111
11001
11011
11101
11001
11011
01001
11011
01001
01111
11100
11101
11011
11001
11100
11111
10101
10011
11001
01111
11100
01011
11011
10101
11111
11011
11001
10011
10101
11101
11110
10111
10111
11111
01111
11011
01011
10111
01001
10011
11101
01111
11010
11000
11101
01101
01001
10111
01001
01111
11111
11110
10001
01011
11100
10101
01001
10001
10011
11111
11100
11011
01101
11011
11000
01101
11101
10101
10101
10011
11111
10001
10001
10111
11001
01001
10111
10001
10011
01101
01111
01111
01001
10001
11001
11001
01111
11011
11001
10101
10011
11101
11101
11001
11000
11010
01111
