11111
01111
11100
11000
11111
10101
11000
01001
11011
11111
10011
01101
10011
10111
10111
01111
11011
11110
01111
10001
01001
10111
11111
10001
11111
11111
11101
11100
11111
11101
11110
11101
11111
10001
11110
11111
11001
11100
10101
01111
11101
11110
10001
10011
11001
01011
11011
11111
11111
01011
11111
11100
10111
11101
01111
11001
10111
01111
11001
01001
11110
11111
10011
10001
11001
11011
01001
10001
01111
10101
01111
11111
10001
11101
11011
10001
11011
10011
10001
10111
10101
11100
11111
10111
10111
01001
11010
10001
10011
11111
11111
11001
11111
10011
01011
10001
11101
01001
01111
11111
