11100
10111
11111
11111
11111
11111
01101
01001
01001
10001
11001
01111
01111
11001
01111
11101
10011
10011
11111
11110
11101
11111
11101
01111
11011
11110
10111
10111
10011
11001
10011
01011
10111
10101
10011
11110
10101
10101
11101
10111
11111
11001
11011
11011
11111
11011
10011
11101
01111
10011
01001
11011
10011
11011
11101
01101
01101
10111
11110
10011
01001
10011
10101
10011
11001
11111
11110
11101
10001
11011
11011
01001
10111
01101
11011
10011
01111
01111
11101
01011
11111
01111
10011
10011
11001
10011
11010
11111
01101
11111
01111
11111
11011
10001
11101
10011
01001
11011
10101
11001
