11011
11111
11101
10011
11111
10011
10111
10001
11011
11111
11111
11111
11001
10111
11011
11101
01001
11001
11001
10101
11101
11111
01001
10011
10001
10111
10101
10001
10101
11111
11100
01101
10101
10011
01001
01001
11101
10001
11101
10011
11100
01001
01101
10001
11111
01001
11011
10011
10101
01001
11101
10101
10111
10111
11011
10001
10101
11101
11011
10101
01011
10101
11011
10111
11101
10011
11011
01001
11011
11111
10001
10011
01111
10101
10011
11001
01111
10111
10101
01011
11111
11011
10011
11111
11011
01111
10001
11000
11101
10011
10011
11111
01101
10011
11111
10111
10011
01101
01101
11010
