01011
11110
11011
11010
11011
01011
10101
11110
11111
10111
10001
01011
11000
11111
11011
01111
11011
10011
11001
11101
11011
11101
10101
10111
11111
01111
01111
11111
11100
01101
11101
11001
10011
10001
11010
01111
11011
10111
01111
01101
11101
10111
11110
10111
10101
11011
10011
11101
01101
10011
11011
01111
11011
11110
01001
01111
11011
10111
11001
11111
10101
11011
01001
01001
01101
11101
10011
11111
10011
11111
01101
11110
11011
11101
11100
11101
01101
10101
11101
01101
10011
11111
01111
11011
11110
11111
11010
11000
11101
01101
01111
10001
10101
11101
10111
01101
11001
11111
10101
11110
