11111
10111
11011
10011
11100
11111
01111
11011
01001
11111
11101
11011
11101
11110
11001
10111
10001
11101
10111
11100
01101
11001
11110
10001
10011
11001
11110
10111
11111
01111
11101
11101
11111
10101
10011
11011
01011
10111
11101
11111
11101
11011
11101
01011
01001
10011
01101
11100
10001
10011
11100
11011
10111
01101
01101
11011
01001
11111
11100
10011
11111
11100
01111
01001
10111
11011
10011
10001
11110
11101
10011
11001
01111
11011
10101
10001
11011
11111
01001
10111
11111
10011
11011
01111
10001
10011
10111
11001
11101
10001
01111
10001
11100
01101
01101
01001
11101
10011
11101
10011
