10011
11101
11111
01111
01111
10111
01111
01111
11011
01101
11011
10001
11001
11111
10001
01101
11001
10011
10111
10011
11111
11011
11110
11111
11011
11111
11100
11101
11011
11111
11010
11111
11011
10001
10001
10001
11111
11111
11111
11111
11111
10011
01101
10001
11100
01001
10101
01111
11011
10111
10011
11101
10111
01101
11111
11101
11011
01011
10011
10111
11110
01001
11111
11010
10011
10011
11001
01111
01001
11001
11001
11111
11101
11100
10001
01101
01001
11001
11001
11110
10101
01101
11001
11111
11101
01001
10011
01101
11101
10111
11111
10011
10001
10001
11001
11111
10101
11001
10111
11011
