10011
11101
11111
10111
01001
01111
11001
10011
01001
10101
10001
11111
10011
11001
10101
11001
11110
10111
10101
10101
11101
01001
10011
11101
10101
01011
11111
11111
11001
11011
10101
10111
01111
01001
11011
10011
11011
01101
11101
01011
11111
01001
10011
01011
10001
11000
11001
10101
10111
10101
01011
10111
01111
01011
11100
11111
01111
01111
01011
10101
11001
10011
10001
11011
01001
10001
10001
11111
11001
01001
10111
01111
11011
10011
10011
01101
01101
10101
11001
10111
11110
01001
10111
11001
10011
10101
11101
11111
10111
11101
01101
11011
11110
01101
01101
11110
11111
11001
11111
11111
