01001
11111
11111
11101
01001
01011
10011
11001
11011
10101
10111
10101
10111
01001
11111
01001
01111
11001
10001
10101
11011
01011
11111
11001
11111
11001
11110
10001
01001
11011
11111
10001
10011
11101
11011
11001
10011
10111
11011
10101
11001
01101
10101
01101
10111
11011
10001
10011
01101
11110
10001
10111
10111
11101
10011
11111
01111
10111
11111
10001
01111
11110
11010
11101
01101
10011
10011
10011
10111
10111
11001
10001
11010
10101
11100
10011
10011
11010
01101
10011
10001
11110
11011
11011
10011
10011
11111
10111
10101
01111
11010
10011
11101
11011
01111
10011
10101
10001
11011
01001
