01101
10101
01101
10101
11001
11100
11111
10111
10111
11011
11110
11111
11001
01101
10011
10011
10001
01111
11001
11101
10111
10101
01111
10111
11101
11111
11101
01001
11111
10111
11111
10111
11100
11110
01111
10011
11101
11110
10111
10111
10101
11111
01111
11110
11011
11111
11111
10111
10011
10011
11011
01011
11011
10001
11101
11111
11101
11101
11111
11101
11111
01111
10001
11010
11011
10111
01111
01001
10101
11011
11111
11101
10011
01011
01111
10001
11011
11110
11001
10101
10011
01101
11101
10101
10011
11110
11001
11110
11001
01001
01101
01001
01111
10001
10111
10111
10001
01111
10111
11011
