11011
10111
10111
11001
11101
01001
11111
10111
11101
11101
10111
11001
10001
01011
10111
01001
01111
10111
10101
11010
01111
11111
01011
10111
01111
01011
10001
01001
10111
11111
01101
11101
11111
01001
10101
11011
10001
11111
11101
01101
01111
11101
01001
01001
11000
11100
11011
11011
10111
01111
01111
10001
11110
11001
10111
11001
11111
11011
11100
10101
11011
10111
11110
11011
10001
11101
11011
10101
10101
11001
11010
10001
01111
10001
10101
10101
10011
10111
11101
10011
10111
10011
11101
11111
10111
11111
10101
01001
01011
11101
10001
10001
11001
11011
11011
11111
11111
11001
11001
10011
