10001
11110
10001
11001
10001
11101
10111
10111
01001
11101
11001
10001
11101
11111
11101
11001
10101
11101
10011
11001
10101
11011
11001
10101
11011
10111
11101
10011
11101
10111
10111
10111
10011
01011
11100
10101
11111
01111
10101
11011
11001
10111
11011
10001
11101
11011
11111
10011
11111
10001
10111
11001
11101
10111
11101
10001
01101
11111
11111
11001
11011
10101
11111
01111
10011
11010
10111
10011
10111
10011
11101
01111
01101
11001
11111
10101
11111
11111
11011
11111
10011
11001
11111
11111
10011
10011
10101
10011
01101
11011
01011
11111
11111
01111
10001
11101
10011
11111
11110
11111
