11001
11011
11011
10101
11100
10111
01001
10111
01001
11111
10101
11101
11111
11110
11101
01101
11111
11101
01001
11011
01111
10011
01001
10101
10011
11100
11011
01111
11111
11101
11111
11011
01101
11111
10011
10011
11001
11111
11111
11100
01011
11011
11011
11011
10111
11000
11011
10001
10101
11111
10011
10001
10001
11101
01101
01001
01111
11101
10101
01001
11111
01011
11011
11101
01011
11001
10111
11110
11011
11101
11110
11010
01111
10111
11100
11110
11001
11011
01101
01111
10011
10011
10011
10001
10001
01001
11000
11111
01001
11110
11111
01001
11110
01001
11010
11011
10011
01011
01011
11111
