10011
01011
10011
11111
01101
01101
10101
01101
10101
11001
11011
10111
10011
11110
11111
01111
10001
10111
10001
10111
11110
11101
10011
10111
10001
11111
01001
11111
11011
10011
11111
10001
10011
11101
01101
11001
10101
11111
10011
01011
11001
11000
01101
11001
10111
10011
11011
01101
11111
11011
10001
01111
11111
10011
11111
11111
01111
11111
11111
10111
10011
01001
01011
11011
10101
01111
11000
01011
11111
01101
10111
01111
01011
11100
10101
01101
11011
11110
10011
01101
10101
11111
01011
11101
11101
11010
10101
11101
01111
10001
01111
01111
11011
11101
10101
11111
11111
11011
11011
11000
