11100
11011
10011
01111
11011
11110
10011
11011
01111
11101
10111
11010
01111
10101
11001
01111
10011
10011
11100
10011
10111
10011
11101
10101
11001
11001
01111
11111
11110
11001
11111
10101
11101
11111
11101
11011
11001
01111
01101
11001
11001
11011
11101
10011
11101
11001
11111
11011
10011
11100
10101
10111
01001
11101
01111
10011
01101
11101
10111
11101
11111
11011
11001
10111
11101
10011
11001
10001
11101
11100
11111
10011
11011
10001
11011
01001
11110
11100
11101
01101
11111
11110
11001
01111
10101
11111
11110
10101
11011
01111
11001
10011
10011
11111
10011
11111
10001
01001
11010
11101
