11001
10111
11101
11011
10011
01101
11001
11001
11111
11111
01111
10111
11111
11011
10011
11001
01111
11001
01101
11011
11001
11001
11111
01001
11011
11001
01111
11101
11101
11101
10001
01101
11101
11011
10101
01111
01001
10111
10101
11100
10001
11010
01111
11110
01101
11111
01111
11101
01011
01001
11111
11011
11001
10011
11011
11111
10001
10011
10001
11101
10101
11001
11111
10001
10001
10011
10001
01111
11101
11101
10111
10101
10011
10001
11111
11101
10001
11011
11101
10101
01111
10111
11011
11101
10101
11111
10101
11011
10011
10101
10011
11101
10111
11101
01001
11100
11100
10111
01001
11011
