10101
11011
11011
11000
11001
11101
11001
11111
11111
10101
11111
11100
01111
10011
10011
11011
10111
11111
10011
01001
10111
10101
10011
11011
10011
10001
11011
01111
01111
11001
01011
11011
11001
10101
10001
10011
11001
11111
10001
10011
01101
11011
11111
10011
10111
11010
10001
01111
11111
01101
11101
11001
01001
11110
01111
11011
11101
11101
10001
11011
11110
10111
11001
10101
10001
01111
10011
11011
10111
11011
01001
01111
10001
10011
11001
11111
10011
10111
11101
01011
10101
10011
10101
11111
11111
11111
11000
01001
11110
11101
11010
11101
11001
01001
11111
11110
11101
10001
10101
11101
