11001
11100
10101
01111
10011
01111
10101
11101
10011
11101
10111
11001
11001
11100
01011
01001
01111
11011
11011
10001
11001
10111
01111
11101
11100
11101
11011
10011
11111
10111
11101
11101
11111
11111
10011
11100
11111
10111
10011
01101
11111
01101
10111
01101
10001
11000
11101
11101
11011
01001
01111
01111
11001
01001
01001
11001
10101
11011
01001
10011
11111
11111
11111
11001
01111
10101
11011
10111
10011
10001
11010
01101
10001
10001
01111
01101
10011
11011
11111
10011
11111
01011
11111
11011
10111
11101
01001
10101
11001
11110
10001
11011
10101
11010
01101
01101
10111
10011
11101
11111
