10001
10011
01011
11101
10101
11100
01001
01111
11000
10011
11110
11011
11101
11000
11011
10111
11010
11111
01101
11110
01011
11001
10001
11101
10001
11111
10101
11111
11001
11101
11001
11001
10111
10101
11111
10001
10111
10011
11100
11011
11111
10001
11101
11111
11101
10011
11001
11101
11111
10101
10111
01111
01101
11101
01001
11110
11101
11111
11111
11101
11001
01001
11001
01001
10101
11111
01101
01111
10101
11111
11011
11111
11101
01101
11101
10111
11011
11100
11010
01111
11111
11101
01101
11001
11111
11101
10011
10101
01111
10001
11011
11101
11101
11100
10101
10111
01111
10111
10111
01101
