10111
11100
01111
11111
11111
01001
10001
11001
11101
11001
11011
11110
11011
10001
10101
01111
11111
11111
11011
10001
01011
01111
10001
11011
11111
11010
11011
10101
01111
10011
11110
11101
11101
11101
11100
10001
10111
11111
11011
11111
11111
01001
11101
11011
10111
11011
01101
11111
11101
10101
01011
11011
11111
10101
11111
11001
01001
11010
10111
01111
11101
10011
11001
10001
11011
11011
10011
10111
10111
10011
11111
01111
01101
11010
01111
10101
11001
11001
10111
11011
11100
10111
11110
11111
01111
11001
01111
10011
11111
11101
11011
11011
01111
10001
01001
11001
10101
01011
11100
11001
