0111
1111
0111
0111
1111
1010
1110
1101
0001
1110
1111
0110
1001
1111
1010
1100
0111
0010
1010
1100
1101
0011
0101
0111
0011
1010
1111
0111
1110
0111
1101
1100
1111
0010
1100
1111
0111
1100
1101
1001
1100
1110
1101
0101
0011
1110
1111
1001
1110
0111
1111
1101
1111
1100
1111
1001
0111
0111
1110
0101
1101
1111
1001
1111
0111
1010
1100
1110
1001
1010
0001
1001
1111
1100
1111
0010
1001
1110
0111
1010
1010
0101
1101
1101
0111
1101
1101
1001
1101
1100
1101
1101
0010
1111
1101
1101
0111
0101
0101
1100
