1101
1100
1101
1001
1001
0110
1101
0011
0011
1111
1100
1010
0010
1111
1101
0111
0111
1101
1101
1111
1101
0110
1110
0101
1100
1110
1111
1101
0111
1111
1101
0110
0101
1111
1111
1100
1111
1001
1100
1101
1111
1010
0111
1111
0001
1010
0110
1111
1100
0111
1010
0111
0010
1111
1111
1101
1110
0110
1111
0101
1100
0010
0110
1110
0011
1001
0111
1100
1111
1001
1101
1101
1101
0101
0110
1100
0110
1111
1101
1110
1100
0111
0011
1010
0111
0011
0010
0010
0110
1100
1010
1110
0101
0011
1101
1110
1110
1001
0111
1101
