1101
1001
0011
1101
1111
1001
1101
1100
0111
1101
1111
1111
1100
1110
1111
1111
1110
1010
1111
1100
1101
0101
0011
1100
0101
1111
1111
1101
0010
1010
1010
1101
0101
0010
1010
1111
1111
1101
1110
1001
1101
1001
1001
1101
1101
0101
1111
1101
1110
0011
1100
1111
1001
1100
1101
1111
1001
0101
1100
1110
1111
1110
0110
0111
0111
1101
1111
1101
1100
1110
1111
1101
0111
0111
1101
1001
1110
0010
0110
1111
1110
0001
1101
0101
1001
1111
1101
1010
0010
1111
1110
1100
1111
1001
1111
1111
1111
1110
1001
1111
