0110
1111
0011
0011
1001
1100
0101
1001
1101
0101
0101
1111
1110
1001
1111
1110
1100
1110
1111
1111
1001
1101
1111
1111
1110
1111
1111
1101
0001
0010
0011
1110
1110
1101
1111
1111
0111
1100
1100
1100
0001
1100
0111
0110
0111
1111
0101
0111
1110
0110
1101
1101
1110
1010
1111
1010
1111
0011
1010
0110
1110
1111
1001
1001
1110
1100
1001
1111
1101
1111
0110
1010
1100
1101
1111
0101
0001
1110
1110
1110
1001
1110
1001
1100
1111
1111
1101
0101
1100
1001
1001
1100
0011
0111
1111
0011
1111
0011
1001
1101
