11000
00010
10101
01011
10110
01111
00001
10100
01001
01000
01101
11100
11000
10111
01100
11101
11001
10101
11011
01011
00101
11110
11000
01101
00000
11000
00010
11101
01101
00011
00011
11001
10010
11111
11111
11011
10100
11101
00001
00000
00000
00100
00100
00010
11110
11110
11000
11100
01100
00110
11110
11111
00001
01110
10011
10111
01010
00000
00010
10101
10010
00100
00011
10011
11000
01100
11000
10000
11111
00101
01101
10110
00101
11111
01110
01000
10010
00110
01001
01011
01111
11011
11010
01011
00101
01000
01001
00101
10111
11100
10011
10011
01000
11000
10101
11000
10101
10101
01001
01000
