01111
00011
01001
01001
10100
00011
00111
01000
01101
10000
00101
01010
10000
00000
10111
00001
00011
10001
10001
11111
01101
11010
10010
10001
10000
10110
01110
00000
11101
10101
00001
00001
01010
11100
11010
01000
00111
00001
10100
11111
10011
01010
10011
10001
10000
11111
00011
11000
01110
01100
00000
11010
00000
01101
00111
10000
00000
10111
01000
11111
01100
11100
10111
01011
10001
00001
01111
01100
11100
00001
01011
00101
10000
00100
01010
01000
00001
01110
10010
00111
11101
10100
11100
10000
01110
10101
10000
11011
11100
00101
00001
10111
01010
01001
00010
10011
11101
00000
11111
01101
