10111
10100
10000
00000
10010
10000
10110
11010
01000
11101
10100
00111
10001
01011
11010
00111
11000
01100
10001
10001
00000
10001
00001
00011
11100
00101
10101
00100
11010
00001
00011
10111
00101
11100
10000
01111
00110
11010
11011
10101
11110
10000
01100
10101
00101
11110
01011
10100
11110
01101
11101
01000
01110
01011
11011
00100
01010
11011
10011
11111
11011
00111
11000
11000
00001
01011
10100
01011
11111
11101
00001
10110
10010
00001
11111
00111
10110
00001
10110
10010
10101
01101
10010
00010
00011
00101
10111
01110
01011
10000
11100
11111
10100
00111
01010
01101
01000
00010
10101
11100
