01001
01000
00101
01101
01110
01110
10010
11000
11010
11101
01110
11111
01001
10101
11000
11101
11010
01010
00111
10110
10001
00010
01100
01101
01000
10101
00111
00101
01110
01010
00101
11000
11000
11010
11010
11100
00101
11001
10101
00111
11011
10100
10000
00011
00111
10111
10011
01011
00000
01110
11010
01000
10111
00100
10010
01100
01100
11101
00000
00110
11010
01001
00001
01000
00010
10101
01100
01001
11110
01011
11100
11101
00001
10100
11111
01010
10010
01110
00111
10010
01111
00111
01010
01001
01011
00000
10111
01101
11001
00011
01010
00111
10100
10101
00101
11001
10010
10011
01001
01001
