01110
10001
00110
00010
10111
01010
00101
00101
01000
01010
01101
00000
10001
01110
00000
11100
10011
10110
01010
10101
01101
10110
00101
01001
01011
01010
00010
11010
01011
11000
01010
10010
11001
00101
01101
00110
11000
10110
01101
01011
11100
01111
10001
01111
10010
11000
10111
11010
11111
00001
10111
11010
10100
00111
10001
11111
00011
10000
01101
01001
01001
10100
10001
10001
01010
11110
11111
00010
11110
01001
11010
10000
01011
00011
01011
00100
10110
10000
10011
10000
00010
01111
01001
00011
10111
01101
01001
00010
10011
01011
00001
11100
11111
00101
01100
00000
00111
00000
10100
10000
