10101
01100
10001
11110
00010
11010
11100
10101
01001
11000
11000
00111
11101
11101
10101
00001
00110
10011
00110
00001
10011
11001
00010
11000
00010
10010
11111
11100
10111
01001
00110
10000
10011
11111
11101
00101
01001
10001
11010
00100
00101
10001
00100
01110
10011
01101
00111
01010
01101
01100
10010
10100
01011
01001
11111
11110
01100
11110
11001
11110
11011
00011
11100
00101
00100
01100
01010
10110
10010
10000
00010
10111
00000
10011
10000
01101
10010
01000
01011
11110
00111
10000
01111
01010
00101
11010
01001
00011
11101
10101
01001
10011
10000
01011
11110
11100
10011
10110
00100
10010
