11010
11111
11110
10000
00101
00101
11010
11010
11001
11001
11001
01000
10101
11011
00000
11000
10101
01100
00011
11111
11010
01011
11110
00101
11010
00000
10101
10001
10100
10110
00100
10111
10010
10110
11110
00110
11101
10101
01110
10010
11001
10010
11011
11101
00101
00011
10101
10111
10111
01001
01011
00111
00101
11010
10010
00000
00110
11011
01000
11001
01110
00000
10111
01010
01100
00010
01101
00101
11010
11011
00110
01101
10100
10010
11001
11101
00101
01010
01101
01001
11100
00001
01100
00101
00001
11001
01000
00111
10010
11000
11111
01111
11001
01101
00111
01101
11101
10111
00101
11110
