11101
00101
10001
10101
10100
01110
10011
01110
10001
11010
01111
00111
00100
01101
11001
01010
10101
10000
01100
00101
10000
10011
10111
10111
01100
10110
11101
11011
11011
10010
00011
11110
00110
00010
01011
00100
11010
11110
11010
10000
10010
00001
10111
00110
10001
11011
11100
10111
10100
00110
10010
11010
10000
00001
00011
10010
10000
00010
01010
10100
00010
00011
00110
11100
10100
01001
10000
00000
00101
01001
00000
10100
10100
00011
11111
01101
01010
00000
00111
10110
11000
10011
11011
01110
10000
10000
10111
01111
11001
10100
11100
10001
11111
11001
10000
01111
00100
11000
01011
00001
