10111
01001
11000
01001
01100
00111
00100
01111
00100
11111
00000
00000
01000
00101
11100
01010
11010
10100
11001
00000
00101
11000
11001
10010
10111
10001
01011
00000
00101
10010
00000
11011
10010
10100
00011
00100
00110
01111
00111
10111
10010
00001
10100
01111
10111
00101
01010
10111
11100
00000
00010
11111
10001
01101
00001
00001
10100
01110
00111
00001
11110
00110
11110
11101
00110
01101
01011
00100
11100
10000
11000
00010
11111
10000
10010
10000
01001
01101
11101
00100
10011
00101
11010
11010
01100
11100
00111
11111
01101
01010
01000
10110
01101
01010
01100
01010
01000
10001
11000
11100
