00000
11110
10111
10000
00111
11010
01010
11011
00010
11101
00001
00111
01010
00010
11011
11111
10001
10001
01111
00011
00000
00111
00010
11011
10110
11000
10001
00101
00100
00011
01101
11111
11100
00101
01010
00010
10001
10111
10001
01110
10010
01111
01101
01010
01010
10000
11100
00111
10011
10101
01010
11110
00001
01100
10111
11100
11010
01000
01010
11000
11111
01000
00101
01011
01000
10101
00101
01000
11001
01111
00111
01000
10110
10110
01010
10111
00100
01100
01010
00101
11110
11001
11101
10011
00101
11010
01110
01110
11101
11011
11011
10010
01100
10100
00011
11110
10011
11010
01000
11011
