00011
11111
10100
01001
01001
11101
00000
01100
01001
00100
10000
10111
00100
10100
11111
00010
00101
00011
10101
11111
10111
01011
00101
00101
01111
10011
01010
01000
01001
01100
01100
01101
10000
10000
11011
11100
01111
00100
10100
10001
10111
11010
11100
10011
11100
11100
01111
00101
10100
00111
10111
10101
11101
01001
00111
11111
10100
00111
00110
00100
11111
10101
10100
10001
11000
11110
01101
11001
10000
00001
10000
11101
01011
10101
00110
10001
10111
10000
10001
11000
01101
01100
01101
11000
11001
10101
10000
10011
00100
00110
11111
11110
00000
01111
01001
00011
01011
00111
11100
11001
