00110
10001
10100
10001
01001
01101
00101
11100
10010
11001
00110
01001
00011
10001
11011
10101
11110
01000
10101
01000
00100
10010
10101
11101
10001
11011
10101
00010
00000
11111
01100
11110
10100
11110
01111
10101
01100
10010
10111
00001
10101
01001
10111
11000
11010
01011
11001
00010
01010
11011
00000
11101
00011
10110
00011
01001
01001
10001
01100
11101
01110
00101
00110
10110
10011
00101
11001
00010
01111
01011
11100
10011
10100
01000
00101
11010
10111
10111
01010
11011
01011
11011
10011
00101
00000
11111
11011
11101
10111
01001
00011
11111
10100
11001
10011
10000
11011
01000
10001
10111
