01010
11100
11001
01010
01011
10000
00101
11111
01111
10010
01100
00011
01010
01000
10011
11011
01101
00111
10010
10011
10000
11011
00100
00100
10101
00110
00110
11110
00001
11010
01101
10101
00011
10011
10100
11111
11000
10000
01100
00100
01101
01001
01000
11011
11111
11111
01100
11001
01001
11001
01100
11011
00001
10110
10010
10000
10101
01100
00111
01001
11010
11011
01010
00011
00000
01110
10001
11010
11000
11111
00101
10111
01111
10010
00100
01110
01100
01011
00110
11011
10100
00001
00001
11000
10011
10001
10101
11111
10001
01111
00110
11011
10000
00111
10110
00101
01110
11111
01111
11101
