00100
11111
11011
00111
11000
01100
00000
10100
01110
10011
11100
00110
01010
11101
01011
11111
00011
01100
10011
00101
00011
10101
10110
10000
00101
10111
00001
10101
10001
01110
01111
00011
11101
01010
11100
01110
11111
01100
00111
10001
11000
10110
10000
11110
10101
10100
10110
11000
11011
11010
11011
11111
00110
00110
11010
11101
00100
11110
00001
10011
10111
01000
11110
10110
01111
10010
00001
01010
11000
10110
10101
10001
00110
11101
10111
01100
10101
11011
00100
11101
01111
10111
10110
00110
00101
11001
11111
00110
00101
00011
10101
11110
01111
01100
11010
11100
01000
10111
01000
10010
