10111
11101
10110
00100
01010
11001
00000
10110
01100
01010
10100
10010
01001
01110
00001
11001
10010
10101
11101
01110
10000
11000
10000
10010
00101
01001
11010
11011
11000
11011
00011
10011
10010
11110
11011
11010
11100
11001
00101
00011
10111
01100
00100
10000
01010
01100
00100
11000
00001
11110
00000
00001
11001
01110
11101
00111
01000
01110
10011
10001
01111
01100
00100
11000
11011
10101
01101
11010
10010
01111
00000
00001
10100
00001
01110
11000
00001
11001
10011
01010
01001
00001
00011
10000
11000
10110
11110
01111
01101
10111
11010
00011
00100
00101
00110
10101
10011
11000
01011
00110
