01000
00011
10011
11000
00100
10010
10010
01001
11001
11110
10001
10110
01100
01011
10010
00100
01001
01101
00111
00011
00101
00110
00110
10001
10000
00000
10111
11101
11100
01010
11100
11001
01101
01000
11100
00111
00000
01110
11010
00110
11001
10000
10110
01000
11111
11001
01010
10000
10101
01011
11111
11011
10101
10111
01111
00011
10001
00001
10110
00011
01011
10010
01101
01111
11101
01011
10100
11001
01000
11000
01000
10101
10010
00000
11001
10100
00100
00011
10100
11011
11000
01000
00010
10000
00001
11101
00110
10010
01010
01010
00111
01101
00000
10111
10110
01010
01011
00111
00000
11101
