00100
11011
11011
01000
11100
00110
01110
01000
10110
11010
00011
00100
11000
11110
10001
10110
01000
10101
10001
11101
00001
00100
10110
10110
00101
10111
10011
01101
00101
01110
11110
00101
00001
10100
11110
00000
11000
00010
11001
10011
01110
00000
10110
10010
11010
01111
00111
11001
11001
01100
01110
10001
11000
10111
01011
11011
01001
11100
10001
01001
10011
10010
01110
10101
00001
11011
00011
01010
10001
00000
01101
10011
01110
10101
10000
11101
11010
01010
10110
00001
11011
01100
10010
00001
00011
10110
01011
00110
10110
00100
01011
01000
11011
00100
00111
10101
01010
00010
10100
10100
