01100
01010
00000
00111
01000
10110
00001
11011
00010
00101
11100
10010
00001
00010
00011
11000
10001
00010
00001
00010
01011
00010
11100
11111
01110
10111
10100
10110
00001
10101
01011
11100
10110
11111
01001
00110
00001
10101
10111
01001
01001
11001
10010
00011
10010
01000
00001
01001
10010
00110
11101
11001
11000
10011
11000
01100
10011
01101
01001
11100
10001
01100
01001
01100
10011
11010
01000
00101
01101
01010
10100
10110
10001
11000
00100
00011
10111
01000
11100
00010
00001
01111
11111
00110
11011
10111
00011
00001
01100
11101
00000
00101
00110
11011
11001
00111
11100
00011
01011
01100
