11111
01101
01001
01010
10100
01100
00111
10000
01100
11100
01100
10000
01101
00111
11100
11110
11000
11000
01100
11011
00001
00100
10101
10100
10010
00011
11100
11111
01111
11110
11011
11111
00111
00011
00110
10001
00101
00111
01001
01001
01010
11111
01110
10100
11011
10011
10110
10000
00001
10001
00001
01101
11011
00101
10100
11110
10000
00010
01110
01011
10110
11111
10001
11101
10001
10010
01010
11000
11110
11010
10111
01101
00111
00010
00000
01110
11100
11110
01110
11111
10001
01011
11001
01010
00111
00000
00101
10001
10000
00100
01001
11100
10000
01000
10101
00000
01011
11001
10010
10111
