00000
11110
10101
00000
11101
00000
00101
10001
10110
11011
00001
01111
11100
11010
10101
11011
11011
00110
01001
01100
11010
10001
00111
10010
00110
11110
00011
01111
01011
11111
00101
01000
01011
11010
10001
10010
10010
11100
11100
11101
01001
01011
11100
10100
00011
11110
10010
10001
00101
11000
00000
00001
00010
11010
10001
11101
00110
11111
10100
11011
01101
11000
11111
01001
11100
11011
00000
01101
11111
00011
01010
00100
01011
11111
00101
00110
01000
01101
01111
11001
10110
00100
10101
10101
11001
01010
10011
00011
01001
00111
11111
00100
11010
01001
00111
11100
11100
00101
00011
11101
