00100
01111
11110
01000
01010
11011
00001
01110
10000
11010
01001
00101
00010
01111
11101
00110
00100
10010
10001
00110
01100
10110
10001
10101
10010
01111
00101
10010
11001
11001
00110
00001
11011
01001
11001
10011
11001
00011
00101
11011
11001
11000
11010
10010
01000
10010
00111
11110
00010
01110
11001
11000
10001
01011
01000
01010
11111
10101
00001
01101
01111
11011
10001
01101
11011
00000
11111
00010
11110
11001
11110
10001
10011
00100
10000
00111
00100
10001
11100
11001
00010
10000
01000
11000
01101
00011
01001
00110
01111
01011
01100
11101
11011
11100
01010
10001
10101
10011
10010
10100
