01011
10001
11111
01110
00011
00001
01010
11011
11101
01111
11111
01100
10101
10111
00111
01001
01000
01101
11001
00001
10000
01001
00110
00001
10111
01001
10000
01100
01100
10001
01001
01111
10111
10001
00100
11101
10000
00000
10100
10011
00101
01111
10011
11010
10000
11011
10010
01000
00010
00001
10011
11000
11100
11100
01010
11111
01000
01011
00000
00000
11000
01000
10111
01101
00011
11000
00000
11100
10000
10101
11101
10101
00011
10011
10100
10010
10111
11111
00110
10101
01101
11010
11011
11001
00000
01010
10001
00101
11011
11100
00011
00111
01101
00010
10110
11001
10110
01001
10101
10000
