01100
10101
00010
10001
10011
10100
01100
01010
11000
00101
00000
01010
11001
01110
01011
10101
10100
00010
01001
11101
00000
00110
11100
10001
00111
00010
10100
11111
11111
10010
11000
11111
01101
01011
00111
11011
00010
00101
00000
00111
01010
00011
11000
11110
11110
01001
00011
11111
01101
11100
00001
11000
11101
01010
00111
10110
11011
11011
00101
11100
11111
00110
00111
10101
00101
01101
10100
01101
00010
01110
01001
10000
01011
11101
01010
00110
10010
00000
01000
11010
01000
00001
10100
01000
11010
00001
00000
11000
00110
01101
11010
10100
11011
11110
10100
11110
10010
01000
00111
11111
