00000
10011
11111
01111
01001
00011
01101
10011
01100
01111
01101
10011
00110
00010
11000
01101
00100
00001
11001
11000
00111
00001
11011
01100
10001
11011
01011
11000
00000
11000
01000
11111
11100
00000
00100
01100
00101
01011
01001
00100
00111
11010
10110
01110
11110
11101
11010
00011
00110
10001
11110
01101
01111
00101
11010
00001
01100
10000
00010
10001
11010
01010
10111
01101
00001
00101
01010
10100
00001
01001
01011
01111
11001
01111
10010
11110
11000
10011
01011
01000
10111
11001
10101
00011
00110
01101
11100
00110
10101
11001
10111
10010
01000
10010
01101
01110
01011
10011
00011
01001
