10100
01100
10001
01111
10010
11111
11010
10100
01010
11010
01011
00010
00001
01100
11000
00111
00010
11101
10001
11001
00110
10001
10010
10011
01000
01100
00101
11110
01010
01000
11000
01110
01010
10111
00110
00010
11111
10010
01110
00001
01010
11011
10110
10101
00101
01000
00111
11001
11000
00101
10010
00101
00000
10000
01010
01011
10111
11110
10000
00100
10010
01011
10010
11010
11010
00001
11000
11111
01101
11100
11101
11001
01110
10100
11110
11111
10111
10011
11000
01000
01001
01011
01010
00011
11111
11001
01010
10110
00010
01100
10010
01010
10000
00011
10110
01101
10100
11101
11000
10011
