11010
10111
10110
11011
11100
10101
01011
11001
11010
01010
01000
11111
01011
00010
01011
10111
01111
11110
01011
00100
00010
01100
00101
10011
11100
01111
10010
10111
11001
00011
01110
10111
11111
01100
11110
00101
10110
10010
11001
10010
10010
00110
11110
10010
11001
01001
01110
11010
01111
01000
10100
01101
11011
01101
01010
00001
10111
11001
10010
10011
00011
00011
10011
10110
10110
10101
10001
10011
11011
01010
01000
10001
10011
00000
01010
10000
11010
00001
00001
11111
01111
10101
10010
11010
10011
10010
00010
10110
00001
00010
00011
10001
10100
00100
01101
10010
11011
10101
10001
10001
