01011
00101
00011
10111
11101
11110
01000
10111
01001
11110
00100
00101
10010
00101
01010
01001
01010
01100
00110
01101
10001
00100
00111
01011
11110
01110
10010
10101
10010
11010
01010
00010
10010
10111
01001
11011
00111
01100
10000
10101
11000
00101
00100
10101
11100
01100
01001
01011
10011
01011
01000
11001
00001
10101
00001
11110
00111
00010
01110
11011
00000
10001
11010
00100
11101
01110
00001
11111
11110
00110
01000
00000
10011
10111
00011
01010
10001
00010
00001
00100
01000
00011
00010
11110
01101
00001
00110
00100
00100
11101
10010
00000
10000
10011
10001
00101
00100
00011
01101
10001
