01011
10011
10111
01001
10010
11111
10011
10000
11011
01110
11010
00011
01111
01010
00000
10011
10010
01100
00000
01010
00010
01010
10001
10001
01101
01101
01110
00001
01011
00001
00001
11010
10100
11000
11010
10010
11111
11101
10101
00011
00000
10001
11100
01000
11101
10110
01010
11000
01100
01111
00011
01100
10010
00011
00000
00001
01110
01011
10001
01110
00011
00000
00001
00010
11100
11111
10110
00001
00011
01111
00101
01000
00101
00111
00101
11101
01001
10110
10001
10011
11011
01000
01111
01001
00011
11101
10111
00000
00111
11001
11100
11110
11011
00011
00011
00100
11000
10101
00011
00001
