01110
01010
00111
00111
11111
01001
01001
01000
11001
01100
10100
01110
00000
00101
01101
01001
11001
11011
11111
11010
10100
00000
11100
10011
01111
10111
11000
10100
01011
10101
01101
01000
10000
11000
11100
10110
00110
11010
01101
11111
11011
11110
11000
10100
10010
01100
00011
00100
01100
01000
01011
01111
10101
01111
00110
01100
00000
11100
01100
10000
01111
11000
00001
10110
11000
10100
11011
10100
01101
01010
00001
00000
10111
11001
11010
11000
11100
00011
00011
00000
10111
00011
10010
01100
11010
01000
01100
00100
01101
11111
01100
11100
11101
00000
11101
11000
10010
10000
00111
00110
