10001
11000
00100
10100
01001
10011
10010
01000
10101
10000
01011
10111
01110
11110
11001
01011
00001
00101
01011
01011
00000
00000
10001
11101
00010
00011
10100
01100
01000
01000
00101
11110
11111
10010
01111
01011
01111
11010
10010
10001
01101
11010
10111
10000
11000
01111
01000
10000
00111
10011
00101
11001
00101
01110
10010
11000
10001
10000
11010
00111
00101
11110
01111
11011
11000
00010
00101
00000
01000
11100
11100
11011
10011
01001
01100
11001
01010
01001
10000
11110
10000
11001
01010
00100
00011
00001
00110
11100
00001
11001
11110
10100
00011
11100
11100
01100
11111
10000
00000
01110
