00000
10010
11000
11111
11101
11011
00000
11101
10101
10111
00000
10111
00101
10011
00100
01101
10011
01110
11001
10110
01101
01101
01100
00010
01110
01110
11101
11111
01101
01000
10010
11100
10111
11111
11001
01001
10001
11110
11100
10001
11111
11000
01001
01101
11010
11101
11000
01001
01001
00111
01110
11001
00101
00001
01000
10000
00101
10001
10000
11101
01010
01010
11000
11011
01110
10100
11011
01100
11010
10001
00111
00100
01101
11111
00101
10010
00011
11110
00001
10100
11100
00100
00011
11011
00010
01101
11111
10010
10100
00101
11110
10110
01100
00100
00011
11000
01001
01000
11010
00001
