11001
00110
11110
11110
11110
01001
10000
11000
10111
00010
10000
01100
10011
11110
10001
11101
00000
10110
00111
00000
00110
01001
00000
10000
11110
01111
11100
11010
01110
01001
10100
10110
01100
00000
11011
01000
11000
00001
01111
10000
01110
00011
00110
01000
10001
10111
01001
01111
11110
11111
01001
01011
10100
11101
11001
11110
01101
00011
11111
01101
00101
00000
00001
10010
00010
00111
10101
10000
10011
00001
01010
11101
01100
10100
10101
01111
10001
11101
10011
11011
01111
00011
10000
11110
11101
10101
11011
11010
11010
00010
01010
00100
01001
00100
01011
01100
10101
11100
00100
11110
