11100
10100
00111
01011
10001
00100
11110
00110
00100
11001
01010
10111
10101
11001
00101
00111
10010
11101
00001
00101
00011
01101
10010
10001
00000
10010
00110
01100
00000
01110
11110
10101
10101
00110
10111
11010
11111
10110
11111
01000
10000
10011
10111
01001
11110
10100
10111
01010
00110
10000
11111
00000
10110
10010
11111
10010
10110
11011
11011
00010
11010
00111
00001
11110
10100
00111
11000
00100
01011
01110
10101
00011
11011
10010
00001
11011
10111
10001
00110
11001
01011
10110
11001
00000
00101
00111
11111
11100
10111
11000
11111
00010
10100
00001
11100
00100
00001
01001
01011
10111
