01101
01011
01000
11100
10010
11101
00001
01000
00110
00010
11010
11101
11001
11101
10100
11010
11111
01100
01001
01101
00010
01001
01100
00000
01011
01101
01110
01000
11110
01011
11011
01001
11010
01111
11011
10001
00111
01101
10111
00010
11110
00100
01101
01011
11100
11001
01110
01010
11010
11111
11111
10011
10100
10010
10011
10000
10000
10010
11100
11110
01010
00010
00111
10001
00111
11001
00010
11100
01001
11001
00011
10110
01010
10100
01000
11001
10001
00100
01011
00010
01111
11010
10111
01110
01010
10100
01101
10001
10000
10010
10011
01001
00011
01100
10100
10111
11101
00110
11100
00111
