10101
10110
00010
00100
10011
11111
01010
11001
10111
00110
11000
01100
11110
10001
11100
10010
01010
11011
11011
10111
10010
10001
01000
00100
11000
01011
10110
11000
00111
10001
11101
01011
00011
10111
01000
11101
00000
01000
11101
10110
10110
11100
10110
00110
00011
01010
10101
00011
11001
10111
01100
10101
11101
01101
01100
00011
01001
11111
00111
01000
10111
10111
10100
10111
00111
00101
11110
00001
00110
01101
10000
11001
01001
11000
10001
10110
10111
00010
00100
00100
10100
00000
00110
10111
00100
11111
00111
10100
11101
01011
00010
00000
11010
01110
01010
10011
11101
11111
11000
11101
