10001
00011
11110
01111
01001
01000
01110
10011
01111
10101
00001
11011
10110
11010
00110
01100
01101
00010
10001
01011
10011
11111
00001
11000
01010
11010
11111
11000
00000
10110
10100
11010
10110
11101
00000
11010
10101
01011
00101
00101
01011
00100
01000
11111
01000
00011
11101
10111
10011
11100
11001
10101
10010
01101
11011
00111
11111
00100
01111
10100
00111
00110
11101
01101
10000
11000
11011
10100
00011
00010
11000
10111
10000
11001
11110
11001
10011
01111
01100
10010
00100
00111
11010
01100
10011
10100
10100
11011
01010
10101
01101
00011
10111
11010
10010
11111
11001
11110
01011
00100
