10111
01101
10001
00001
10111
10010
11111
00010
00001
11110
10011
01101
11101
01000
10101
11011
10000
11100
10100
00100
00111
11011
01111
01111
10001
11101
10001
11101
10001
00100
01001
01100
00111
01011
01011
11001
11100
00010
00000
10110
10010
11000
10011
11010
10101
01100
00011
00001
00010
01001
11101
11011
11110
10000
00000
10100
11111
11011
01111
10100
10011
00101
11101
00000
00111
00010
11101
00010
11101
01111
01010
11000
10101
00001
11001
10001
00111
00011
10101
00100
10000
11010
11111
01111
01011
10110
01000
10110
10001
11111
00011
01100
01100
01110
01000
11101
00001
10000
10011
01110
