10001
00010
11001
10010
00011
10101
01111
00111
01111
10000
11001
01011
10010
00001
10110
10101
10000
01001
00010
00000
11101
00111
10101
00001
01010
11101
01100
11100
01010
11100
01000
00010
01001
01011
10000
11100
00110
01001
11000
01100
10001
11110
11110
11000
10110
11011
01100
01100
01011
01100
11001
10011
01010
00010
10000
10110
00101
01100
10110
10100
11000
01111
11001
10011
00111
00010
10111
01010
01000
00100
11110
01010
00111
00110
10001
00111
11011
10011
00000
01000
01001
00001
11100
00010
00100
01010
11110
00110
11100
10111
00111
10100
11110
00101
11100
11001
10001
00111
00110
10110
