10000
11100
10100
00010
10010
01010
00111
00111
11000
01111
10011
11001
10011
11100
11000
11111
11011
00101
10111
11100
10101
00001
11111
10110
01010
01100
10101
01111
11110
11110
11101
11000
01011
11011
11111
01100
01010
00011
11010
11111
00110
00000
10110
01101
11100
00101
11001
00101
00111
11111
01011
00010
11100
11101
01010
01101
00011
01101
01101
01010
10000
10100
01001
01001
00101
10100
11111
01111
10111
11101
11001
00010
11101
00011
11101
01101
10011
10010
10010
10001
01101
01100
10000
11001
01000
00101
10100
00000
11111
01011
00010
10011
00000
00101
00000
11010
10101
11011
11110
01101
