01111
00010
10010
11011
01110
00011
01000
01000
11101
10011
01111
00000
01011
01001
11010
01110
11001
01011
11010
10101
11001
00101
00001
11010
10010
11001
10000
00000
11000
01000
01011
01111
01011
01000
11000
10111
10001
10110
01111
01101
11011
00110
10110
00101
00010
11011
00110
10101
00000
11000
10011
01001
11100
11110
10100
01001
10110
01010
00010
01100
11100
10010
00110
00100
01110
11011
10110
01001
01001
00100
01111
00101
00011
01000
11001
01100
00011
01101
10011
00101
00100
11101
11011
10100
01011
10100
11110
01011
00101
10111
00110
10100
11101
11011
01001
10001
01010
00111
00001
10110
