00010
01010
11010
11111
01100
01011
00110
00100
00000
01000
10100
01011
11110
10000
00101
11100
11011
10110
11010
01101
10001
01110
11111
10010
10000
01011
10010
01000
10101
01101
11111
10000
01100
10100
10010
00101
01100
11100
01011
00000
10001
10010
10101
10101
11110
10001
10001
00110
11100
01110
11110
11101
00011
01011
01010
11111
10110
01101
00011
01100
10110
01110
11101
11000
11010
01000
10101
01011
01001
00111
11011
11100
11010
11011
00110
10101
01001
10110
11010
00011
00011
00100
01001
01010
01100
10011
11001
11011
10100
01100
11010
10000
01100
10000
00010
00010
00101
00100
10011
01100
