10110
01111
11000
11001
00000
10101
00001
10000
01111
11110
10111
01000
10101
00001
01001
00110
10111
11100
11011
10100
00011
00100
11111
10010
10001
00111
11100
10111
11110
11001
01000
11101
10000
00011
00111
11010
00100
10001
01110
01110
01001
11010
00010
11111
11100
00110
10111
00100
11010
01110
10110
01001
10011
11101
01100
11110
11001
00110
11011
10100
00110
10111
00010
00110
11111
11110
11010
10111
11100
00110
10101
10111
00011
10100
00000
00110
10101
10011
01011
00101
00001
00101
01001
10110
01001
10001
01100
11111
10101
10101
10010
11001
11101
10111
10111
01110
10000
01110
11110
00011
