01100
11111
00101
00001
11100
11001
00001
00001
01101
10110
01111
10001
01011
10010
00101
00110
01110
10110
10100
00100
00110
10010
00111
10010
00001
10101
00110
00101
10100
01010
00110
01110
10010
01010
01111
11101
01010
11010
01111
10010
10000
01100
00000
11110
10100
10001
10000
00110
10000
00111
11000
00101
11001
00000
11100
00000
11101
11010
00011
10111
01011
00111
00111
11010
00100
00011
01010
10000
10101
11011
10101
01110
10100
00110
10000
10110
01101
01001
11110
10001
11110
11101
00110
00011
01111
00101
01110
10011
00011
01110
00111
11000
01010
11011
01000
00110
11111
11101
00001
00111
