00011
01010
00011
00010
01001
00001
01010
11011
01111
11001
11001
11101
01101
10011
00100
10111
10100
10011
00011
10010
11010
01111
10000
10011
01110
11111
11011
11110
00101
11101
10111
11111
10010
10110
00010
01000
01011
10001
10010
11010
10000
00001
11111
10010
11001
00110
11011
01001
00011
11011
11010
10110
01111
10111
10110
00100
11110
00100
11111
00100
01000
01000
11001
00000
01100
11100
00111
01111
10011
11100
00100
11001
10011
00001
11101
01000
10100
01101
01100
00110
01110
11100
01010
11001
00011
00110
11000
10011
11111
11011
10111
11100
10000
00110
11100
01111
00010
10011
01001
00010
