00111
01111
01111
00001
11100
10100
11110
10110
10010
11000
01110
11111
00111
01010
11011
10111
11011
00000
11010
10100
00010
01110
10010
00011
00011
00001
00110
01000
10100
00111
10011
00100
00111
10111
00011
10101
00111
00110
01001
00001
11101
00110
00101
01101
00001
11001
10101
00101
11011
11110
11000
00001
00011
00111
11001
11011
10100
10101
00011
00100
01010
11001
00000
11001
10111
11111
01001
11001
01110
10100
01100
01000
01101
10001
11001
11110
11001
01011
00101
10001
10110
10111
00110
00100
01000
10111
10100
01000
11100
10100
01001
01000
11010
00111
11010
00111
01111
00011
01100
11110
