00101
11011
11111
01010
00111
10110
10101
00101
01110
01110
11011
11000
10110
11101
11001
10011
01010
10000
00010
10010
11100
00010
01011
00010
01110
11000
01011
01101
11011
00110
11011
11000
00010
10111
00110
11001
00101
00010
11111
10100
00110
01011
10011
01100
01101
11000
10001
00010
11100
11010
11001
10011
01010
00111
11110
10111
11111
10100
01101
10100
01101
01101
11101
10111
00000
01101
10001
01100
11010
00111
00000
11010
10110
10010
11001
11000
10000
10101
11001
10110
00111
01010
11100
00101
10010
11101
01101
01011
01100
10111
01001
10010
11110
01000
11110
11010
00011
11111
11011
00001
