00000
10010
11101
10100
11110
11111
00010
11110
11100
00100
01011
10001
00111
01111
01000
11001
11000
01101
01011
01001
11100
01001
11011
01000
10111
01000
10010
10111
11011
11100
00111
00011
00000
01010
10111
00010
01001
00010
01101
10110
01111
01101
01100
10010
00110
00011
10011
11010
01011
00000
00100
11001
01010
10101
01011
00001
00000
01110
01101
11110
10010
10111
11001
00000
10110
01001
00101
00111
00101
00111
00101
00100
11111
00110
10101
11100
11010
11011
11110
00001
10000
01100
10100
01101
11010
10001
01001
00011
01100
11010
00111
00100
11101
01111
11000
00101
10000
10100
01010
10011
