10101
11011
01001
01101
11011
11011
00100
10000
00010
11100
10101
01010
11111
01101
01111
10001
10100
11000
00100
10101
01000
00000
00000
10100
11101
00011
00000
10110
11010
11001
11001
01110
10100
01011
11111
10111
01001
01000
00101
11110
01110
10010
01101
11010
10010
01110
11110
01100
10110
11010
11110
00010
11000
01011
01000
10111
00110
11101
11100
01011
00111
11100
01110
00010
00000
00001
01111
01111
00000
01011
10001
00010
01001
10111
00001
11001
01101
01011
01110
01001
11001
11110
11110
00100
00000
11101
11101
01100
11001
01000
01010
01001
01010
11101
10110
00110
00101
10010
01001
11101
