10110
01001
10111
11001
00111
01110
00101
10101
11010
11011
00001
10101
10101
00101
00010
01000
11110
11010
01111
01000
00101
10011
11011
11110
01101
01110
11110
00100
01011
01011
00001
11110
01101
11010
11100
10111
00001
10100
00111
11100
00000
00000
01110
10101
01100
11011
11101
10100
00011
00111
10001
10011
01101
10001
11111
10010
00001
01101
01000
00010
01011
01111
01111
01000
00000
11110
01010
01001
01100
11010
00001
10111
10010
01101
11110
01111
11101
10111
01010
11101
01010
10111
00011
11001
10000
00000
01100
10110
00101
01010
10110
00110
10001
10100
11001
11010
10100
01111
11100
01111
