01011
10110
01001
00011
01101
00111
00001
10100
11011
10100
01011
10111
11111
11110
00001
11000
10010
01111
00111
01000
10101
01111
11001
00110
00001
11010
01011
01110
01000
00111
00100
10011
11101
10110
11101
10000
01001
01101
10000
10101
11011
10011
00011
10101
00000
00010
01110
01001
01100
11100
10110
01000
00101
00101
10010
11110
10111
10001
00001
11011
01001
10010
01011
00010
11111
10011
00100
10000
10010
11010
01010
10100
01011
11101
10100
11011
10110
00001
10110
10010
11011
00100
00001
11010
00000
00111
10101
11000
10100
01011
10010
10101
10100
01101
11100
01000
10101
11010
00001
10011
