0 0.09 0.22 0.69
0 0.09 0.22 0.69
0 0.07 0.26 0.67
0 0.13 0.22 0.65
0 0.08 0.24 0.68
0 0.07 0.17 0.76
0 0.07 0.17 0.76
0 0.18 0.22 0.6
0 0.06 0.25 0.69
0 0.07 0.18 0.75
0 0.09 0.19 0.72
0.009294737 0.1207053 0.1707053 0.6992947
0 0.06 0.18 0.76
0 0.08 0.19 0.73
0 0.09 0.23 0.68
0 0.13 0.16 0.71
0 0.14 0.19 0.67
0 0.13 0.2 0.67
0.009578947 0.09042105 0.1704211 0.7295789
0 0.13 0.18 0.69
0 0.1 0.16 0.74
0.009052632 0.1309474 0.1909474 0.6690526
0 0.09 0.25 0.66
0 0.1 0.18 0.72
0 0.13 0.2 0.67
0 0.1 0.18 0.72
0 0.07 0.2 0.73
0 0.07 0.19 0.74
0.009705263 0.1102947 0.1202947 0.7597053
0 0.14 0.16 0.7
0.0092 0.1108 0.2008 0.6792
0 0.15 0.15 0.7
0 0.11 0.12 0.77
0 0.05 0.25 0.7
0 0.13 0.14 0.73
0.00948421 0.08051579 0.2105158 0.6994842
0 0.13 0.22 0.65
0 0.06 0.24 0.7
0 0.08 0.22 0.7
0 0.08 0.21 0.71
0 0.04 0.15 0.81
0 0.11 0.22 0.67
0 0.08 0.18 0.74
0 0.09 0.23 0.68
0 0.1 0.19 0.71
0 0.11 0.23 0.66
0 0.1 0.19 0.71
0 0.1 0.16 0.74
0.008394737 0.1416053 0.2616053 0.5883947
0 0.07 0.2 0.73
