0 0.009939524 0.02999628 0.05004198 0.060006 0.05999099 0.0600472 0.05997804 0.02993331 0.07007051 0.09007122 0.05994719 0.1400751 0.1199846 0.02987089 0.1300472
0.03002445 0.009974052 0.0299927 0.02998698 0.0700011 0 0.07004739 0.04997333 0.04996663 0.06002526 0.1000078 0.1100221 0.07003405 0.08997447 0.08992588 0.1400438
0.01998898 0.02000321 0.009946299 0.0500497 0.0600611 0.01997355 0.04000362 0.03997354 0.08001351 0.059998 0.1000412 0.08995911 0.08998145 0.0599802 0.09996384 0.1600627
0 0.01992741 0.01997656 0.05003388 0.06002375 0.05996212 0.05999457 0.1200817 0.1000426 0.06002673 0.07003336 0.06995951 0.0499463 0.1200711 0.0599829 0.0799375
0.00995521 0.0500493 0.02998918 0.06000831 0.02997605 0.02996336 0.04999539 0.1100632 0.05002876 0.03995672 0.06000682 0.1000057 0.10007 0.0900006 0.06997858 0.1199528
0.01996755 0.02998689 0.06004928 0.03999148 0.06003247 0.02994019 0.05000241 0.07002974 0.07001322 0.08002163 0.06999719 0.05997276 0.08999157 0.1100465 0.05994632 0.1000108
0.009964235 0.01997728 0.04002132 0.06003766 0.03999891 0.04996343 0.05002606 0.0800111 0.0700594 0.05998147 0.06002655 0.04993209 0.07999027 0.150065 0.03991326 0.140032
0 0.01994693 0.03999389 0.09004267 0.05003948 0.02989841 0.1101018 0.1099768 0.01996225 0.05005128 0.04998998 0.100013 0.04998875 0.1301129 0.04992386 0.09995798
0 0.009949433 0.02995601 0.05005852 0.04000611 0.02999439 0.05995659 0.08007895 0.03993571 0.08009784 0.1500778 0.05992465 0.09003215 0.05998437 0.1500356 0.06991185
0 0 0.01996581 0.04000456 0.0199489 0.05003186 0.07000018 0.08004869 0.04998739 0.060001 0.07000674 0.0800345 0.1100537 0.08997714 0.1600373 0.09990224
0 0.02996376 0.06007525 0.009908933 0.06000398 0.03996535 0.07002003 0.1100627 0.01989284 0.09011136 0.06997181 0.120076 0.1301197 0.05994301 0.03991639 0.08996887
0.009996102 0.02000751 0 0.02997056 0.04000872 0.009929183 0.04998504 0.1001029 0.0199405 0.07003726 0.04992619 0.1301219 0.1400757 0.110005 0.1400677 0.07982571
0 0.02996055 0.03001915 0.01998147 0.0500074 0.02998197 0.03998506 0.07006441 0.09996454 0.09007491 0.06996744 0.1000319 0.1300531 0.06995754 0.09000333 0.0799472
0.009989596 0.03001001 0.0199968 0.009981076 0.01988522 0 0.09009024 0.07004706 0.01990685 0.1301097 0.09002403 0.05998198 0.140178 0.1199207 0.09992928 0.08994954
0 0.009974473 0.009981468 0.03000222 0.06006521 0.01994049 0.04000291 0.1000332 0.04999399 0.04000572 0.08004618 0.119996 0.09000026 0.1000199 0.04990998 0.200028
0.009978275 0.01996806 0 0.04999281 0.05002805 0.07000559 0.06003805 0.05998917 0.07001281 0.1300509 0.06996565 0.09003154 0.04996585 0.0999905 0.08001131 0.08997147
0.009990091 0.009975259 0.06006 0.01996244 0.04002526 0.02995831 0.04993938 0.1100893 0.04000591 0.06002974 0.09002452 0.04995204 0.04995422 0.1100612 0.1300006 0.1399717
0 0.01994893 0.03001663 0.04001281 0.04000662 0.03995912 0.03995419 0.1001017 0.07000281 0.07004266 0.03995091 0.09002524 0.07998276 0.1400571 0.1300861 0.06985244
0 0 0.01995818 0.06001679 0.07007673 0.02997514 0.04000842 0.02996473 0.1200366 0.05995014 0.05998514 0.1000531 0.07992666 0.1000347 0.1100082 0.1200054
0 0.01993151 0.04002565 0.0600033 0.04005891 0.03996591 0.04002022 0.04999449 0.01992641 0.1601111 0.07997584 0.1700262 0.02997024 0.110036 0.07002274 0.06993152
0.00997335 0.02001224 0 0.03996937 0.05004408 0.04000038 0.01993557 0.07006502 0.1000637 0.04993749 0.1400214 0.1000224 0.04992728 0.1000415 0.1100346 0.09995161
0 0 0.01999012 0.01995883 0.0801154 0.02995349 0.03999861 0.06998355 0.03996544 0.08002154 0.0700244 0.1200397 0.0699572 0.07998693 0.07994883 0.200056
0 0.02998448 0.01999741 0.02999009 0.04003827 0.01995742 0.09012223 0.0399101 0.08002062 0.06001692 0.05996595 0.1200245 0.04995572 0.09002657 0.0798998 0.1900899
0 0.009931293 0.0199569 0.1001338 0.02994873 0 0.04000301 0.07002624 0.06998597 0.07008474 0.06000505 0.06990221 0.1201226 0.06992671 0.09997778 0.169995
0 0.01990105 0.02996363 0.09010509 0.03999969 0.02997567 0.07000769 0.09004718 0.06995132 0.1301791 0.0599817 0.05991815 0.08005039 0.03994282 0.1100456 0.07993098
0.019992 0.00995513 0.05000861 0.06002825 0.02999599 0.0400048 0.02996131 0.06005391 0.0700028 0.08001163 0.1099974 0.1200042 0.06999759 0.1000401 0.1000443 0.04990204
0.009981064 0.02000361 0.04003737 0.02996944 0.05004638 0.01995191 0.05000402 0.09000619 0.05002263 0.0500002 0.05999198 0.0899937 0.06998646 0.08000774 0.07993009 0.2100672
0.0199959 0.01997916 0.03001535 0.01996014 0.06003836 0.03998778 0.04997144 0.1000519 0.05998796 0.1000689 0.05997175 0.1000208 0.07000331 0.03993863 0.1000159 0.1299927
0.009962044 0 0.03004529 0.009972648 0.04001122 0.07002593 0.03996633 0.08001653 0.05006599 0.06999448 0.02996673 0.04999281 0.05994873 0.1299916 0.1400337 0.190006
0 0.009951935 0.009984382 0.03001754 0.0600508 0.02993056 0.09006831 0.07999647 0.05999509 0.08006969 0.03996765 0.08001371 0.06995491 0.120047 0.1099789 0.1299731
0 0 0.01999741 0.02998257 0.03001002 0.01995693 0.009952904 0.09010017 0.05999469 0.07998429 0.06002893 0.1000121 0.1200351 0.1500189 0.06998091 0.159945
0.03001764 0.01996593 0.01997153 0.0500521 0.04004368 0.02998717 0 0.04996194 0.07999838 0.1200472 0.1000589 0.04988832 0.04993349 0.1000065 0.1199764 0.1400908
0.009987475 0.04001703 0.02000451 0.02997847 0.02001143 0.01994901 0.03001914 0.08003293 0.05001312 0.1099989 0.08005399 0.1099465 0.04999328 0.1300298 0.02991707 0.1900474
0 0.02995484 0.07009289 0.02992645 0.07007272 0.02995121 0.0599998 0.09000209 0.04996164 0.07008182 0.03991283 0.1200695 0.05998656 0.05999121 0.07997356 0.1400228
0 0.06002573 0.009957211 0.04003528 0.02999178 0.009944828 0.05001833 0.07002684 0.01989704 0.09009765 0.08006643 0.03992066 0.1501176 0.07992539 0.09995162 0.1700236
0.009991694 0.03000139 0.04002745 0.03999198 0.02996185 0 0.03999377 0.06003187 0.01994692 0.1100709 0.0599412 0.1200285 0.06006781 0.1099594 0.1500693 0.119916
0.009944423 0 0.07002535 0 0.04 0.0400035 0.03992735 0.09009938 0.05002383 0.09002974 0.09004365 0.069933 0.09000972 0.07998878 0.1400257 0.09994559
0.009984082 0.009952623 0.03002294 0.06002734 0.04001341 0.05001784 0.01996454 0.08001723 0.04999147 0.1200896 0.02995443 0.09997747 0.09005409 0.04989685 0.08001504 0.180021
0.009965543 0.02998959 0.02995911 0.09007774 0.05004941 0.01991133 0.04995379 0.1200935 0.05002585 0.07001942 0.07002506 0.06993768 0.0399534 0.1100855 0.1100678 0.07988529
0.009967236 0.04002795 0.01998497 0.05004096 0.01999229 0.02998708 0.05005881 0.009940696 0.07002506 0.07996904 0.04995283 0.1100319 0.08999469 0.1500366 0.1200241 0.09996567
0.009958122 0.01999781 0.01997796 0.05004829 0.02997506 0.02998849 0.09008315 0.05997112 0.1000765 0.07000799 0.04997498 0.05995833 0.09001453 0.06998148 0.09993968 0.1500465
0.01998737 0.05001582 0 0.09002724 0.02998577 0.06000703 0.05003187 0.0599449 0.04001022 0.0700046 0.03995754 0.0499972 0.08003366 0.09995553 0.07999357 0.1800477
0 0.01995033 0 0.05002214 0.06003967 0.02996493 0.04001733 0.0500056 0.1200264 0.07002654 0.02991468 0.1000599 0.1199902 0.1100019 0.09001173 0.1099686
0 0.01995634 0 0.06003365 0.02999979 0.04001582 0.009953703 0.04004069 0.1100109 0.08000872 0.069935 0.1100554 0.1100001 0.1300083 0.1301005 0.0598811
0.009977074 0.009967648 0.01999028 0.03002095 0.08009628 0.01992294 0.07003556 0.05998926 0.0800126 0.1100779 0.07000762 0.04994591 0.05991865 0.09002689 0.09996193 0.1400485
0 0.01996885 0.0300033 0.04002334 0.04002465 0.01996664 0.070049 0.04996422 0.0700063 0.05003535 0.0699944 0.06996845 0.07998146 0.09001674 0.1199409 0.1800564
0.009947121 0 0.009976657 0.05006221 0.0700556 0.01993318 0.04997123 0.090054 0.04001982 0.09004988 0.01995305 0.05999127 0.1200107 0.08998371 0.1500658 0.1299258
0 0.03993491 0.05003236 0.06000771 0.07009457 0.009909429 0.06004719 0.05997383 0.07996334 0.1101168 0.05996424 0.09998067 0.04996151 0.07001947 0.04993679 0.1300572
0.009989984 0.009987695 0.009984577 0.04001812 0.06003836 0.0700096 0.01995942 0.06001224 0.05002064 0.02994483 0.03997516 0.130079 0.09997995 0.160029 0.1000519 0.1099196
0 0.009965156 0.009960931 0.04004108 0.04998375 0.05002786 0.09004428 0.06997694 0.0600013 0.03002333 0.07001614 0.06999206 0.1200474 0.05995122 0.1199462 0.1500224
