0 0.009968349 0.030145 0.04989746 0 0.02992669 0.04993596 0.1601265 0 0.07004446 0.07994473 0 0.03994194 0.1301186 0.1500324 0.199918
0 0.0300031 0.05013528 0.02990656 0 0.02991839 0.09006283 0.07997384 0 0.03999971 0.05995535 0 0.09996236 0.1201164 0.1298842 0.240082
0 0.009971353 0.01012637 0.0699251 0 0.03998458 0.05000221 0.05999039 0 0.08003465 0.1099425 0 0.05993994 0.1100695 0.169989 0.2300245
0 0 0.01005818 0.05994462 0 0.0600022 0.01988126 0.09011373 0 0.08999479 0.1200024 0 0.1099433 0.08005966 0.2301148 0.129885
0 0.020002 0.01011916 0.01987683 0 0.06001402 0.01992054 0.07006744 0 0.0800044 0.1299976 0 0.0498987 0.1500809 0.210064 0.1799544
0 0.01999559 0.0100739 0.02993852 0 0.04996235 0.08003546 0.06999418 0 0.07002443 0.06996756 0 0.119959 0.09005867 0.1799641 0.2100263
0 0.03002012 0.0100725 0.0299306 0 0.04997867 0.03993648 0.1000616 0 0.03999409 0.06998269 0 0.1099767 0.08003044 0.2000317 0.2399845
0 0.009980974 0.03012879 0.01989304 0 0.06997616 0.02990801 0.100113 0 0.0499932 0.110004 0 0.08991832 0.1701313 0.1800409 0.1399123
0 0.009946928 0.03016164 0.05986931 0 0.1200467 0.05998257 0.08999289 0 0.09003425 0.1399879 0 0.04991672 0.09005544 0.08995121 0.1700545
0 0.01995362 0.0601485 0.109992 0 0.09999029 0.009888108 0.1000275 0 0.01999753 0.02990838 0 0.1099842 0.1200744 0.1300708 0.1899647
0 0.009976961 0.0100753 0.06998017 0 0.04995093 0.03992766 0.140089 0 0.04001903 0.04994853 0 0.120006 0.08004707 0.1600425 0.2299369
0 0.0200049 0.01005738 0.03997326 0 0.05998488 0.05000112 0.04997846 0 0.01997958 0.05998488 0 0.1800024 0.09002823 0.1799542 0.2400507
0 0.009991593 9.96537e-05 0.01987892 0 0.09003164 0.08004338 0.0599548 0 0.0600002 0.1400296 0 0.08994034 0.09003623 0.129887 0.2301066
0 0.00997046 0 0.05002233 0 0.04996464 0.009917134 0.09012543 0 0.09999871 0.1501151 0.009893434 0.1999932 0.080073 0.1099746 0.139952
0 0 0.02008713 0.02991357 0 0.0599967 0.01985131 0.1601513 0 0.05000581 0.06999349 0 0.07997858 0.07001892 0.2000895 0.2399137
0 0.01998016 0.04010163 0.04998027 0 0.06002785 0.02991008 0 0 0.07001864 0.0599193 0 0.1799634 0.05000998 0.2601056 0.1799831
0 0.01997806 0.02010945 0.04993491 0 0.05998949 0.04998787 0.06000021 0 0.09003575 0.07994182 0 0.08993453 0.1100622 0.1800263 0.1899994
0 0.03999418 0.02005887 0.03996056 0 0.06994493 0.07995448 0.110087 0 0.09004225 0.04994413 0 0.09992052 0.09009812 0.210122 0.09987298
0 0.05000349 0.04012737 0.03992089 0 0.05996707 0.03998458 0.0599966 0 0.09002043 0.04992782 0 0.129958 0.1000511 0.1400023 0.2000405
0 0.04001351 0.0100769 0.05994042 0 0.04994322 0.04994438 0.1500816 0 0.05000831 0.05996086 0 0.05995766 0.1100773 0.1500602 0.2099357
0 0.01996885 0.07018787 0.01983857 0 0.0800017 0.07997365 0.1000294 0 0.08003505 0.1199697 0 0.06992422 0.06007017 0.1299446 0.1700563
0 0.02997796 0.04009992 0.07997227 0 0.04995995 0.07998356 0.09000634 0 0.07004106 0.04990879 0 0.04992392 0.1000971 0.2000838 0.1599453
0 0.03999048 0.04014019 0.01988565 0 0.07998288 0.03995982 0.09004098 0 0.1100435 0.05994023 0 0.1199523 0.08003093 0.1300075 0.1900256
0 0.02997696 0.04015291 0.02988955 0 0.05997417 0.05001162 0.04999479 0 0.1200367 0.08994393 0 0.1099251 0.1200871 0.1299664 0.1700408
0 0.009952722 0.05016293 0.04992689 0 0.04995654 0.02995403 0.08004689 0 0.08003977 0.05991769 0 0.1800045 0.07004646 0.1299609 0.2100307
0 0.009931095 0.02012678 0.0499229 0 0.03989344 0.07000758 0.1301182 0 0.1601056 0.06991358 0 0.129958 0.09011186 0.1099941 0.1199169
0 0.01999208 0.04016673 0.01987082 0 0.0399977 0.04000332 0.04996934 0 0.09004356 0.06992681 0 0.1199898 0.03997687 0.1499133 0.3201496
0 0.009962736 0.02009793 0.06998738 0 0.04995434 0.0600489 0.04994871 0 0.06002926 0.0399227 0 0.1299818 0.1400719 0.1299487 0.2400457
0 0.02999879 5.96796e-05 0.06995965 0 0.07998719 0.04993187 0.1600628 0 0.05001822 0.05996366 0 0.08998799 0.05000781 0.1400568 0.2199655
0 0 0.04008552 0.0799305 0 0.06995313 0.06997835 0.1400525 0 0.05997938 0.0800046 0 0.05994835 0.1201191 0.1099832 0.1699654
0 0.04003264 0.01009213 0.02989545 0 0 0.05994849 0.1200313 0 0.04998838 0.0999914 0 0.129995 0.07998398 0.149973 0.2300683
0 0.02998617 0.03013549 0.009870829 0 0.07999199 0.04997174 0.1100438 0 0.1200664 0.05994113 0 0.08994955 0.0700059 0.1300021 0.2200349
0 0.00994942 0.04015692 0.07991869 0 0.0700005 0.04995031 0.1000242 0 0.08005058 0.0899244 0 0.04993594 0.09006356 0.1500324 0.1899931
0 0 0.02003753 0.09000121 0 0.07000982 0.0599982 0.06995324 0 0.09001872 0.02994254 0 0.08997217 0.05999929 0.1800496 0.2400177
0 0.04002072 0.02009102 0.02992109 0 0.03994683 0.03995411 0.09006623 0 0.0599979 0.06996927 0 0.1199609 0.1100737 0.1800247 0.1999735
0 0.009973456 0.04013208 0.07994752 0 0.03995143 0.01985713 0.1601384 0 0.03001153 0.05993542 0 0.06997748 0.1000861 0.1800979 0.2098916
0 0 0.02008391 0.02990167 0 0.04993511 0.02995761 0.1501217 0 0.140048 0.03996637 0 0.09998398 0.1100329 0.1000081 0.2299606
0 0.04998236 0.07015891 0.0799255 0 0.06997378 0.02987987 0.1300796 0 0.07003536 0.03989787 0 0.06994785 0.07006066 0.1601155 0.1599428
0 0.01998147 0.0301404 0.03989815 0 0.09003135 0.0299445 0.07000413 0 0.07001603 0.08996395 0 0.07993934 0.1100318 0.1500118 0.2200371
0 0.05001301 0.0400821 0.04995374 0 0.02988083 0.1000185 0.1100518 0 0.05000301 0.04994814 0 0.1199555 0.1001477 0.1599958 0.1399499
0 0.009985774 0.02011136 0.02992609 0 0.04997777 0.009911935 0.1100871 0 0.05001983 0.04995695 0 0.120001 0.1100156 0.1500188 0.2899878
0 0.009956728 0.02011766 0.04994564 0 0.05999119 0.0299547 0.07003408 0 0.1200733 0.04990668 0 0.06992593 0.1400528 0.190095 0.1899462
0 0.03999258 0.04012828 0.04992239 0 0.06997317 0.01990543 0.09007816 0 0.07000261 0.07995414 0 0.1599755 0.07005616 0.1500367 0.1599749
0 0.02999899 0.04012116 0.02991488 0 0.01991889 0.04995571 0.09009037 0 0.07001352 0.07995144 0 0.129955 0.1001136 0.2000167 0.1599497
0 0.01996654 0.03016864 0.03987082 0 0.05998058 0.0299511 0.1000623 0 0.1200595 0.08993451 0 0.07994695 0.1000465 0.1199988 0.2100138
0 0.009943911 6.99909e-05 0.06999891 0 0.06997597 0.03998946 0.05002175 0 0.1400661 0.05992109 0 0.1399349 0.1400791 0.1700845 0.1099143
0 0.01997025 0.02010874 0.06996086 0 0.03996766 0.01990541 0.09008709 0 0.1000553 0.05990488 0 0.07993994 0.1100669 0.220141 0.169892
0 0.03999638 0.06014838 0.07993382 0 0.02995455 0.05998187 0.079985 0 0.06002534 0.04989608 0 0.03993463 0.1000891 0.180039 0.2200158
0 0.01996474 0.03012728 0.03993041 0 0.09001603 0.01993598 0.06002557 0 0.1100457 0.05993191 0 0.1199405 0.120033 0.1600643 0.1699846
0 0.02997845 0.03010132 0.03995546 0 0.08002014 0.02993627 0.06000835 0 0.1200732 0.01989157 0 0.08993003 0.08999817 0.2201408 0.1899662
