0 0.01726537 0.01966557 0.03043748 0.09528497 0.03777376 0.03902872 0.06054413 0.0891692 0.08324964 0.06986883 0.09034391 0.0768511 0.09040596 0.09013161 0.1099797
0 0.0175601 0.008861622 0.0300467 0.07306697 0.005105624 0.06089735 0.1144616 0.1111437 0.06158569 0.05906561 0.1217366 0.08910514 0.0924328 0.05785963 0.09707085
0 0.02908694 0.02007627 0.01845785 0.07485341 0.003423641 0.09324895 0.08085294 0.0701428 0.0507071 0.04701528 0.1245138 0.04483536 0.1469507 0.1098279 0.08600702
0.008565224 0.03002791 0.02972924 0.06157237 0.04177359 0.01581971 0.01515768 0.1273543 0.05109117 0.07010517 0.05996616 0.08894276 0.05857528 0.134042 0.1251417 0.08213585
0.00830773 0.01871982 0.05210874 0.07094265 0.01923196 0.04027262 0.05001886 0.07039761 0.07279088 0.08089209 0.02463198 0.1216061 0.04977468 0.0800102 0.1231352 0.1171589
0.01981749 0.0092995 0.04022194 0.01821369 0.07397147 0.03728965 0.04740307 0.1037832 0.07274907 0.01644446 0.134655 0.07859885 0.02340407 0.1370243 0.0777779 0.1093464
0.008724568 0.02020047 0.05940128 0 0.07476354 0.01643026 0.03819542 0.07228446 0.06018907 0.05971748 0.136633 0.07513413 0.05584388 0.1141307 0.07624924 0.1321025
0.02791491 0 0.01673881 0.09570417 0.02944212 0.0168956 0.05986761 0.1134368 0.04302378 0.05869815 0.08350007 0.04442011 0.08071919 0.1133062 0.08879351 0.1275389
0.05273453 0.02757018 0.04025089 0.0397023 0.05261464 0.004736329 0.06186909 0.05052204 0.03583124 0.1138483 0.06892545 0.09113715 0.06775117 0.1349136 0.09002299 0.06757009
0.0305825 0.01827507 0.04214864 0.01838326 0.06296498 0.02636249 0.06089137 0.06039169 0.07036352 0.09203154 0.03705658 0.07115889 0.0555469 0.133873 0.1104455 0.1095241
0 0.01641662 0.06331231 0.02974475 0.04086249 0.01775136 0.03728619 0.09462627 0.05707014 0.1281975 0.08004968 0.02520904 0.0912358 0.06846614 0.1201834 0.1295884
0 0.02796587 0.04171449 0.0287828 0.02911664 0.01686762 0.0721968 0.1233558 0.09173363 0.05124787 0.07091642 0.06763892 0.08083394 0.1022344 0.03348808 0.1619067
0.00747814 0.03133232 0.01939053 0.03088848 0.07320627 0.03883673 0.0502744 0.03859313 0.103681 0.05849271 0.05959074 0.05914604 0.07616613 0.1008067 0.1202128 0.1319039
0.00934384 0.02058369 0.008728663 0.008091177 0.06310899 0.03949146 0.03845253 0.07219965 0.05951727 0.0696973 0.111103 0.142935 0.06841411 0.07984334 0.1113316 0.09715835
0.01898197 0.04129696 0 0.04848949 0.04198653 0.02893371 0.01809768 0.09221366 0.1044142 0.07801216 0.04757615 0.1212291 0.037591 0.0587835 0.08135249 0.1810414
0.008938271 0.007852311 0.06241485 0.05947878 0.08605812 0.0394416 0.02892672 0.03688935 0.03811824 0.09351223 0.08890814 0.1407772 0.04821168 0.03786754 0.06842397 0.154181
0.008049257 0.01968029 0.0295322 0.04160141 0.04969724 0.08326463 0.07272131 0.01545367 0.08258565 0.05903217 0.08091323 0.05860579 0.07861523 0.09907554 0.09788589 0.1232865
0.004014161 0.03462765 0.05086048 0.04036087 0.1064221 0.02560591 0.09022886 0.03787998 0 0.09068451 0.04717411 0.07227822 0.06710059 0.09154509 0.1741997 0.06701777
0 0.01785773 0.02904587 0.06235956 0.04082554 0.02898322 0.03722803 0.09370006 0.08123457 0.03017086 0.07993562 0.09939579 0.06903463 0.09189346 0.1326957 0.1056393
0.008994851 0.02018252 0.03067945 0.0293116 0.02860795 0 0.02780867 0.08441496 0.0704236 0.09192535 0.07756858 0.1309141 0.0729736 0.05689213 0.1429433 0.1263594
0.01939617 0.03054131 0.02028975 0.01862541 0.05344891 0.01665683 0.04075778 0.06028385 0.1035653 0.07819194 0.05930915 0.100081 0.03471591 0.1234836 0.078517 0.1621361
0.007494503 0.07368125 0.03036265 0.007272115 0.04092706 0.03910716 0.07244678 0.03870848 0.04831039 0.132577 0.06825793 0.09204414 0.07059436 0.06730826 0.1216063 0.08930159
0.03197044 0.00788396 0.008681278 0.01820116 0.07446838 0.03827002 0.06219933 0.05832543 0.04782351 0.09206946 0.07992588 0.1534443 0.04697978 0.08053446 0.0679514 0.1312712
0.01014685 0.008551096 0.009416294 0.02978576 0.01994532 0.02725147 0.08473348 0.08016973 0.04002988 0.09137744 0.03721999 0.1434727 0.04882532 0.1538726 0.09968286 0.1155192
0.008437398 0.01986709 0.01889048 0.05217345 0.05238342 0.03987387 0.03975638 0.04861791 0.08266554 0.06987208 0.07043872 0.07765524 0.05754523 0.07935538 0.1098828 0.172585
0.008429912 0.007945822 0.04982028 0.05233031 0.1161864 0.01506109 0.06755958 0.08266657 0.03788224 0.08473676 0.09160968 0.037245 0.07723299 0.08252474 0.1212789 0.0674897
0.02073332 0.01936831 0.01948644 0.01902245 0.02921097 0.02878601 0.04957116 0.09382132 0.02687837 0.09304105 0.0917135 0.08975655 0.11323 0.08875199 0.09917626 0.1174523
0.03129661 0.00840408 0.01986291 0.01938903 0.08526827 0.02665153 0.02907841 0.05004915 0.06999134 0.0595185 0.08166881 0.07986873 0.07475957 0.1441101 0.07807408 0.1420089
0.007097507 0 0.01922555 0.04128221 0.01684904 0.02827506 0.08144874 0.1358219 0.06327091 0.06963158 0.07067612 0.07881613 0.1138352 0.1010407 0.07759697 0.09513239
0.008871965 0.04295977 0.02023379 0.007445003 0.04070705 0 0.006449873 0.06333255 0.07092964 0.07910705 0.08814964 0.1523031 0.03980713 0.0676174 0.1648509 0.1472351
0 0.0271415 0.01807042 0.05310387 0.07536741 0.005114367 0.05994036 0.06126207 0.0887446 0.1160297 0.07994398 0.05696594 0.03483536 0.09276707 0.1430979 0.08761549
0.008850523 0.007447455 0.0289825 0.08474584 0.06138339 0.0822106 0.02853785 0.04784184 0.03946466 0.08264789 0.07251866 0.04534248 0.09090143 0.08709406 0.07936099 0.1526698
0.008634097 0.05197629 0.008136198 0.05151657 0.05339793 0.01680193 0.00775239 0.05178459 0.02697642 0.1110763 0.07083001 0.1308541 0.1014494 0.1196875 0.0928235 0.09630267
0.01668239 0 0.04078941 0.04081241 0.0503921 0.06080806 0.07082607 0.05968957 0.0632569 0.0899765 0.06915247 0.06932993 0.06884756 0.0900365 0.1100531 0.09934704
0.00927383 0.02054703 0.008234901 0.03102845 0.05205328 0.006667417 0.03922363 0.06297146 0.0373611 0.07118646 0.09039831 0.1119699 0.1418644 0.1110465 0.1315905 0.0745828
0.03025526 0.01851798 0.03035393 0.03963599 0.05027729 0.05051733 0.0839377 0.04650452 0.07045661 0.08180173 0.03692479 0.1020537 0.08046347 0.05771032 0.07733096 0.1432584
0 0.00605338 0.06022733 0.07232456 0.06170517 0.005694633 0.115739 0.04825591 0.0360508 0.06468529 0.09907644 0.1115822 0.1124967 0.09331406 0.05470458 0.05808996
0.008768352 0.02010477 0.05331477 0.01653843 0.03013537 0.007469626 0.05040985 0.08325884 0.0598422 0.07050574 0.06574116 0.1651846 0.1025804 0.08059355 0.0892079 0.09634446
0.05340654 0.03043139 0.01984203 0.006783197 0.03043368 0.01958517 0.04085912 0.02865886 0.04687711 0.05979023 0.06710867 0.1557608 0.1008142 0.06866163 0.1306586 0.1403287
0 0.03937622 0.01816693 0.04212001 0.06293613 0.03950261 0.05114378 0.02675433 0.02503209 0.1057391 0.1147916 0.03477413 0.1011476 0.06626632 0.09678194 0.1754673
0 0 0.02911384 0.03860195 0.08488894 0.006473307 0.05083239 0.06008957 0.05632808 0.1028088 0.06961016 0.1235372 0.1216356 0.0478653 0.07759098 0.1306239
0 0.007076161 0.01915146 0.04148817 0.04137446 0.006072093 0.0609567 0.09388096 0.07987593 0.08293212 0.0906269 0.09884926 0.07934961 0.1133196 0.08866494 0.09638161
0.008609346 0.030525 0 0.03787092 0.06141641 0.03778553 0.09248824 0.1013046 0.04981829 0.08181579 0.04586821 0.1154924 0.08095595 0.06907368 0.1008436 0.08613208
0.00917768 0.008224902 0.007406509 0.05331723 0.06132373 0.05913464 0.09378886 0.04762646 0.04983923 0.08224239 0.07143752 0.05835454 0.07855936 0.1214981 0.09846711 0.09960178
0.009710202 0.008615854 0.03083009 0.008391225 0.01814311 0.04065715 0.09377859 0.04987378 0.04796684 0.1143334 0.0989865 0.09116587 0.09190617 0.07866726 0.1286785 0.08829544
0 0.0288732 0.02950806 0.07300822 0.05346255 0.01818282 0.02771941 0.04924576 0.05998158 0.04136627 0.03696687 0.1002958 0.05762955 0.08050403 0.174732 0.1685239
0.01996393 0.04195779 0.007734538 0.008712165 0.02678188 0 0.1376013 0.05724844 0.03825257 0.09320466 0.1020287 0.05814561 0.06377003 0.05606914 0.113867 0.1746622
0.009250045 0.007486021 0.007498091 0.06466058 0.06319435 0.02510005 0.06188737 0.06092349 0.04907331 0.113538 0.07211512 0.04637885 0.07724019 0.175118 0.08974153 0.07679498
0.009127246 0.008484233 0.008596527 0.04191831 0.06390185 0.01658529 0.01903978 0.07234677 0.08033048 0.1117633 0.09345821 0.08632169 0.08895621 0.1108514 0.03658969 0.151729
0.007225075 0 0.04334974 0.007519922 0.0513153 0.03934217 0.01620162 0.09504617 0.09454305 0.06822135 0.0470212 0.1021197 0.08841131 0.1109417 0.1119327 0.116809
