0.01000675 0.01000398 0.006415964 0.02359615 0.007257353 0.002711603 0.005990876 0.0039898 0.01399 0.01599186 0.0184699 0.02153541 0.02863533 0.04140312 0.02547311 0.01452879 0.009952097 0.00994935 0.02353202 0.08654429 0.07280907 0.02720403 0.05404428 0.03599238 0.05602032 0.06403639 0.04153123 0.04842429 0.06133949 0.08868925 0.04453221 0.0253993
0.004976458 0.01500542 0.003977594 0.005974426 0.01817538 0.02181528 0.05633764 0.03376282 0.02826178 0.01174874 0.005970266 0.003975149 0.00360519 0.006318564 0.03767828 0.04241701 0.01493817 0.04504279 0.03599596 0.05406666 0.03181591 0.03818752 0.04372426 0.0262037 0.09187266 0.03819252 0.05402815 0.03597326 0.03634474 0.06369888 0.04229757 0.04761726
0.001102312 0.00887465 0.007270539 0.01272246 0.01752828 0.01248406 0.007039733 0.01290599 0.01142751 0.008545227 0.01876781 0.03127246 0.006122674 0.03383382 0.04177338 0.07832909 0.008843576 0.07119908 0.03273467 0.05728124 0.05255519 0.03743107 0.05295126 0.09707589 0.02862159 0.02140257 0.01122698 0.01870732 0.01379536 0.07623302 0.03823914 0.07170205
0.00499211 0.004988254 0.01877197 0.01124607 0.004139935 0.005800334 0.04508871 0.02499004 0.02402076 0.03605438 0.01498245 0.01498267 0 0 0.01995781 0.03998451 0.01499548 0.0149839 0.0312593 0.01872709 0.04586125 0.06425476 0.04497422 0.02492659 0.03598253 0.05400862 0.05500181 0.05500261 0.06000593 0.02991176 0.05996573 0.1201384
0.006653066 0.003318297 0 0 0.005993042 0.01401517 0.01090685 0.009088744 0.01847276 0.01153625 0.02142657 0.008556995 0.02626872 0.03378578 0.02389293 0.02608481 0.01333071 0.006648854 0.07005408 0.02998898 0.02396688 0.05604833 0.04908454 0.04090244 0.06157712 0.03845493 0.07859385 0.03138753 0.04371087 0.0562192 0.086068 0.09396368
0.02225847 0.0177779 0.009989131 0.009984208 0.01501274 0.01499749 0.01363225 0.01636344 0.008555064 0.02143022 0.007671781 0.01228635 0.02142 0.02856315 0.03942545 0.03063237 0.02777881 0.02218702 0.04003431 0.04001458 0.01497135 0.01495614 0.03637706 0.04366512 0.03138753 0.07862498 0.04229085 0.06772878 0.06860103 0.09147811 0.05059419 0.03931014
0 0 0.005426192 0.004518332 0.0171383 0.04293984 0.002480718 0.007464982 0.02803511 0.01198724 0.01998591 0.01997911 0.03157865 0.02839748 0.03317202 0.05689611 0.01998157 0.009967165 0.05462068 0.04548206 0.02281619 0.05716574 0.01745939 0.05253883 0.04201157 0.01796329 0.0600311 0.06001067 0.06845703 0.06156082 0.03680557 0.06312833
0 0 0.009049454 0.0008910636 0.002321463 0.03770308 0.008566758 0.01142814 0.009996007 0.009989482 0.0008175164 0.009126281 0.03605038 0.02395801 0.04268519 0.04741718 0.05002735 0.03996704 0.09110915 0.008971155 0.007543166 0.1225092 0.02138507 0.0285279 0.040011 0.03998489 0.009048407 0.1010112 0.05403132 0.03590761 0.04735778 0.05260776
0.006660764 0.003327417 0.003992288 0.005997202 0.007123425 0.002837002 0.02860535 0.02144374 0.03079429 0.009211313 0.01999755 0.01999875 0.01246199 0.03751346 0.04192236 0.03811311 0.03335686 0.01666358 0.01598207 0.02400821 0.04290786 0.01708865 0.05144232 0.03856326 0.06927822 0.02072278 0.05000286 0.05000586 0.0374174 0.112635 0.0680544 0.06187067
0 0 0.005709838 0.01427715 0.004431749 0.005540799 0.0225316 0.01749135 0.03428699 0.04572602 0 0 0.02695582 0.02308315 0.01816369 0.03180183 0.02000101 0.009960439 0.01428718 0.03572434 0.03556623 0.04446672 0.06756257 0.05244902 0.02572801 0.03431154 0.01990685 0.1400806 0.04306421 0.03687729 0.06180424 0.1082097
0.01124712 0.01875939 0.00920745 0.03077141 0.007975157 0.03206582 0.01665668 0.03333759 0.02184398 0.01817858 0.0134693 0.01644905 0.01383785 0.01613478 0.03738381 0.04268202 0.01874035 0.03125755 0.02073083 0.0692827 0.001974051 0.007937094 0.0333361 0.06672071 0.03818938 0.03178125 0.07657559 0.09351606 0.04620413 0.05387352 0.03262823 0.03725246
0 0 0.005967742 0.00397518 0.009989502 0.01001101 0.02251282 0.01750451 0.02401233 0.01600199 0.02800104 0.0320265 0.03685652 0.01314156 0.02822297 0.03177633 0.02997144 0.04003086 0.0540546 0.03600638 0.01994327 0.01998621 0.06753536 0.05251111 0.03599179 0.02398519 0.04197061 0.04800436 0.10326 0.03681836 0.05171002 0.05822047
0 0 0.008983168 0.02100882 0.01999326 0.01999723 0 0 0.01383471 0.006140151 0.01272073 0.007252333 0.03295594 0.03709865 0.03208653 0.03792848 0.04000229 0.01997757 0.02098075 0.04906742 0.03001084 0.03001679 0.03997407 0.04998778 0.07622218 0.0338291 0.05730825 0.03267253 0.04700619 0.05291508 0.07792109 0.09210807
0.01500701 0.01501905 0.009989656 0.009986293 0.02001619 0.02002389 0.004976268 0.004973635 0.05008017 0.03002003 0.008842004 0.01105579 0.02248772 0.01748422 0.02142394 0.03861414 0.01496294 0.01497495 0.04002678 0.0400133 0.02997939 0.02999093 0.04504177 0.04501794 0.0499649 0.02995093 0.07114657 0.08895963 0.06753171 0.05250596 0.02852298 0.05140931
0.004999469 0.004993327 0.002493021 0.007492757 0.004265923 0.005687583 0 0.03002988 0.01664153 0.03331259 0 0 0.0350256 0.03499202 0.03460649 0.0654598 0.02501386 0.02498313 0.01748473 0.05255022 0.05576782 0.07435299 0 0.03988529 0.02333903 0.04671947 0.06004719 0.04992967 0.04497439 0.04493127 0.05534094 0.10468
0.007125462 0.002845786 0.01124876 0.01877089 0.003979932 0.005989934 0.01109507 0.02890874 0.02769512 0.01229436 0.02499966 0.02498952 0.04635267 0.03370111 0.0400357 0.0299673 0.04289517 0.01713158 0.0187226 0.03124254 0.01594293 0.02399466 0.03885842 0.1012475 0.06234353 0.0276754 0.05502098 0.05499865 0.06371084 0.04632152 0.03997316 0.02992048
0.005993573 0.003986906 0.004270761 0.005701094 0.01598612 0.02401688 0.02625277 0.0337941 0.01665071 0.0333598 0.03202063 0.02801613 0.04204736 0.02800374 0.008259496 0.001639931 0.02401126 0.01597222 0.0257074 0.03431714 0.02395857 0.03599435 0.04373657 0.05630028 0.0332996 0.06671593 0.04798918 0.04198766 0.07803278 0.0519702 0.09178321 0.01822364
0.01802113 0.01200041 0.009086663 0.01090431 0.009065686 0.01087695 0 0 0.01198019 0.007977932 0.0160011 0.02401864 0.0327278 0.05733188 0.02469694 0.03531035 0.04201022 0.02797494 0.04092856 0.04911571 0.04092932 0.04910672 0.06004049 0.02993889 0.04803203 0.03198583 0.02397476 0.03598758 0.04723452 0.08274444 0.04527058 0.06472542
0 0 0.01141853 0.008556738 0.01143083 0.008577296 0.007261867 0.01272481 0.05007387 0.04004295 0.00494345 0.004943429 0.05608675 0.01396946 0.0272566 0.03271342 0.009929466 0.05005631 0.0285985 0.02143094 0.02855453 0.02142633 0.03271248 0.05732136 0.04997031 0.03996013 0.06503783 0.06503755 0.06398508 0.01593669 0.07273991 0.08730258
0.004417123 0.005531792 0.006644924 0.01333316 0.01246586 0.007472418 0.03331423 0.06680328 0.03077221 0.00920634 0.03753439 0.01247313 0.03500202 0.03502762 0.05605848 0.01394302 0.03554129 0.0445102 0.02328685 0.04672547 0.03751112 0.02248531 0.02660579 0.05335121 0.06930793 0.02073534 0.05252513 0.01745473 0.04499026 0.04502317 0.0640224 0.01592382
0.003979502 0.01601349 0.011242 0.018761 0.006642941 0.01331397 0.02771667 0.03233442 0.03737826 0.03268125 0.02248089 0.01746681 0.04712106 0.03294286 0.01643412 0.02349074 0.005966802 0.02401037 0.01873585 0.03126696 0.02331076 0.0467201 0.03230176 0.0376834 0.04266462 0.03730331 0.06755848 0.05249041 0.05293985 0.03701085 0.05352642 0.07651007
0.006658183 0.003320791 0.008316405 0.01164935 0.01332283 0.006645906 0.03268845 0.03737527 0.01599978 0.02402829 0.008191523 0.0117095 0.02692219 0.04313449 0.05505212 0.03498493 0.03336467 0.01664074 0.04167038 0.05837048 0.04672136 0.0233063 0.03730041 0.04264848 0.02397346 0.03600308 0.06178454 0.08831884 0.02304133 0.0369166 0.05499237 0.03494696
0.009960545 0 0 0 0.004278827 0.005705549 0.02317619 0.01685086 0.009100702 0.01089448 0.01199615 0.01801207 0.01141895 0.0286095 0.03334781 0.01664837 0.05001621 0 0.03996414 0.08006751 0.02569786 0.03426649 0.08686115 0.06315466 0.04098573 0.04906415 0.02795869 0.04197962 0.02852736 0.07147364 0.1067097 0.0532731
0 0 0.002845493 0.007126274 0.002847533 0.007143859 0.007694877 0.01231053 0.01578495 0.04427677 0.004967655 0.004961408 0.03756026 0.01246808 0.01469752 0.03531479 0.03000332 0.03997965 0.01712856 0.04289688 0.01709204 0.04288032 0.04232987 0.0677208 0.03416165 0.09582339 0.06506291 0.06498109 0.08256937 0.02740881 0.035254 0.08470734
0 0 0.003311078 0.006631855 0.004144341 0.005803658 0.02741126 0.04265056 0.04007017 0.01999875 0.01073987 0.009192995 0.01141356 0.02860788 0.02625147 0.04377255 0.0199525 0.02999482 0.02665527 0.05338861 0.04585205 0.06421036 0.06259654 0.09739709 0.06004963 0.02997037 0.05929199 0.0507521 0.008536167 0.02139575 0.0337241 0.05623266
0 0.01999269 0.00665273 0.01332303 0.01452718 0.02545608 0.02500337 0.04505143 0.03335207 0.01669222 0.02000195 0.01998632 0.03301375 0.02698255 0.02499231 0.02497234 0 0.05000651 0.02332392 0.04670943 0.02543034 0.04456177 0.02497008 0.04499145 0.02661979 0.01332281 0.0400239 0.03999263 0.07706008 0.06298217 0.06502854 0.06497657
0.009984785 0 0.001991735 0.007990038 0.02625188 0.04378179 0.02647821 0.02350194 0.005994686 0.01396243 0.01333811 0.02668534 0.05459792 0.06549385 0.01761104 0.04233625 0.02998958 0 0.007984727 0.0320315 0.03371936 0.05623575 0.06360404 0.05645466 0.02404917 0.05601374 0.01665759 0.03332657 0.04542943 0.05449563 0.03231773 0.07769052
0 0 0.008862081 0.01108203 0.02730525 0.02274945 0.01500507 0.01499292 0.01877225 0.01124419 0.01075797 0.009214979 0.0166476 0.01331351 0.01999855 0.04005415 0.0600096 0.07005019 0.03111808 0.03891316 0.03269536 0.02724024 0.03500247 0.03497412 0.03121915 0.01869962 0.0592795 0.0507772 0.08337582 0.06667777 0.03995126 0.08001647
0.002701779 0.02730714 0.006656293 0.01332919 0.01503645 0.004975297 0.005433334 0.004521482 0.03697379 0.02304574 0.02500458 0.02498189 0.0381125 0.04191763 0.02056273 0.04944017 0.007205226 0.0728239 0.02331795 0.04669406 0.01495785 0.004949289 0.05462949 0.04546127 0.04309256 0.02685957 0.04502359 0.04498275 0.06192915 0.06811212 0.02936273 0.07059851
0 0 0.006135179 0.01383388 0.005989128 0.01400266 0.01285599 0.01715473 0.00598249 0.02402372 0.03128253 0.01873579 0.0333734 0.03669311 0.01330376 0.006633626 0.03002056 0.009925467 0.03381991 0.07625869 0.02395827 0.05601477 0.04713497 0.06289578 0.0139551 0.05603911 0.06878859 0.04119898 0.06669402 0.07332819 0.06670608 0.03326151
0.004428594 0.01554266 0.01538782 0.02461649 0.01109475 0.008852858 0.02309593 0.03695807 0.02001882 0.01998691 0.009208446 0.02073715 0.02699739 0.06305518 0.0323323 0.03768663 0.01552672 0.05449281 0.03462921 0.05539771 0.03893312 0.031066 0.02691228 0.04306498 0.03001265 0.02996481 0.03076571 0.06928348 0.03298556 0.07704118 0.02767071 0.03225307
0 0 0.004965025 0.004970483 0.03116928 0.0088742 0.01909536 0.01090203 0.02943027 0.02059598 0.01663262 0.003307876 0.02799404 0.0320362 0.03315083 0.0368758 0.0199423 0.02999801 0.05503174 0.05509224 0.03888483 0.01107089 0.05092769 0.02907592 0.07062021 0.04942164 0.08340426 0.01658734 0.04195225 0.04800989 0.05679928 0.0631815
0.01201836 0.007987063 0.009973017 0.009971279 0.009214611 0.02074709 0.05150972 0.03858246 0.01667693 0.03338318 0.02152948 0.01844186 0.01089985 0.02910538 0.02140479 0.02855494 0.01799738 0.01196054 0.06005211 0.06004164 0.03078088 0.06930448 0.02850682 0.02135254 0.01331244 0.02664828 0.04847953 0.0415269 0.0190623 0.05090122 0.06858177 0.09149115
0 0 0.006654065 0.02333702 0.006663383 0.003323502 0.01199593 0.01799987 0.03338212 0.01665984 0.00247899 0.01748515 0.01362297 0.0163593 0.04348086 0.04655699 0.01995109 0.05004509 0.0133184 0.04671005 0.03335286 0.01663544 0.04799575 0.07201756 0.06672816 0.03330167 0.007443914 0.05250444 0.03633786 0.04363673 0.09659366 0.1034274
0 0 0.009983618 0.009976019 0.0214709 0.008543725 0.02336262 0.01666311 0.0133433 0.02668918 0.003820654 0.006117131 0.01598689 0.02398705 0.02948961 0.04056619 0.009943494 0.08007933 0.03002961 0.03000675 0.02856878 0.01136812 0.04669749 0.03330643 0.02664932 0.05330379 0.04615711 0.07390071 0.0640157 0.09605043 0.05048092 0.06944204
0.005700133 0.004272116 0.003718538 0.02630672 0.01249469 0.01751343 0.009214989 0.01075736 0.02500882 0.02501412 0.03127414 0.01873346 0.01797967 0.01197374 0.03603885 0.02399923 0.03430268 0.02570905 0.006187486 0.04377324 0.03747554 0.05252835 0.05077368 0.05927199 0.04498877 0.0449983 0.06880041 0.04121201 0.07205491 0.04798569 0.05398671 0.03595119
0.005694591 0.004272242 0.02694239 0.02309758 0.01198968 0.007995799 0.01999547 0.03003027 0.006229082 0.003735962 0.02500927 0.01499244 0.03903722 0.02100936 0.01998328 0.01998537 0.0343002 0.02573297 0.04306481 0.03691925 0.01795823 0.01197617 0.03998249 0.06004786 0.04376211 0.02624682 0.07502479 0.0449755 0.09105492 0.04900465 0.05997148 0.05997775
0.004990913 0.01500308 0.007987332 0.01198703 0.01501436 0.01500007 0.01763543 0.03237277 0.0107043 0.01927285 0.02187762 0.0281288 0.01333209 0.0166613 0.04282959 0.02720246 0.01497753 0.04502366 0.03199194 0.04801208 0.02499937 0.02497559 0.04232827 0.07770057 0.03930061 0.07075988 0.04811687 0.06186549 0.02666311 0.03332128 0.06725066 0.04271308
0 0 0.006646903 0.02332566 0.007468597 0.002470797 0.03603971 0.05404873 0.01909969 0.01089801 0.01088915 0.009055661 0.05265918 0.05745231 0.0183801 0.0515655 0.009961825 0.01999852 0.01332033 0.04674437 0.02250096 0.007443874 0.04401719 0.06601254 0.05096351 0.02907905 0.04914623 0.0408711 0.05738998 0.06261371 0.03151665 0.08842018
0.00199084 0.008002054 0.007994477 0.01200042 0.002710227 0.007247395 0.02103251 0.008987642 0.009995225 0.009985957 0.01776397 0.02220917 0.04002521 0.02998147 0.04237749 0.04769594 0.007967588 0.0320252 0.0319948 0.04802702 0.02723195 0.07282073 0.04901989 0.02094725 0.0300032 0.02997538 0.06224443 0.07782026 0.08006426 0.05997332 0.03758394 0.04230079
0 0 0.003309646 0.006624766 0.01287235 0.01716344 0.005864629 0.0140946 0.01285422 0.0171552 0.02308585 0.02691244 0.02723191 0.04281144 0.03767664 0.04234288 0.05005109 0.009930579 0.04667742 0.09343202 0.01710001 0.02280041 0.0440978 0.1059812 0.01712633 0.02285675 0.03693109 0.0430526 0.0427845 0.06726177 0.04233651 0.04757987
0 0 0.009349811 0.02061194 0.02002557 0.0200088 0.02000475 0.009983124 0.01089317 0.01911155 0.02588016 0.01408648 0.02723544 0.04282004 0.02499007 0.02499911 0 0.01991408 0.04060507 0.08951509 0.02999427 0.02996915 0.06005075 0.02996759 0.02905207 0.05097047 0.08418727 0.04582284 0.04276675 0.06723864 0.04496484 0.0449811
0.006653158 0.02336638 0.009986955 0.009985301 0.01199375 0.01800855 0.02333539 0.0166579 0.03131409 0.01874023 0.01231696 0.01761129 0.0233322 0.01664395 0.0583785 0.04167539 0.01330385 0.04672409 0.02999573 0.02999076 0.02799372 0.04203242 0.0466623 0.03330975 0.01870827 0.01119615 0.0576609 0.0824459 0.04668594 0.03330326 0.08167828 0.05830869
0 0 0.004979612 0.004977828 0.01667042 0.02336816 0.008544073 0.02142678 0.01500683 0.01502053 0.01248497 0.01749038 0.03215977 0.01783952 0.05521119 0.04481995 0.04004047 0.00996854 0.0350276 0.03501505 0.03331033 0.04669356 0.03135234 0.07862523 0.01497263 0.0149863 0.0374979 0.05253136 0.05786458 0.03209837 0.1048773 0.08513844
0.004279059 0.00570973 0.00220981 0.007765354 0.01847243 0.01152678 0.01284399 0.0171438 0.01142309 0.008558077 0.02000788 0.01999692 0.0233104 0.03667535 0.06509183 0.0349855 0.02571132 0.0343077 0.01772837 0.06229816 0.06158008 0.03842592 0.04711272 0.06288477 0.02858093 0.02141257 0.04001647 0.03999454 0.0466422 0.07338437 0.06498942 0.03493045
0.007682965 0.01229841 0.002482746 0.00748522 0.009224893 0.02077851 0.007489427 0.01249496 0.03504084 0.03500585 0.03751308 0.01245764 0.02400977 0.03600927 0.03200278 0.04802364 0.04232373 0.06774917 0.01743058 0.05255138 0.03076438 0.06929491 0.0224666 0.0374821 0.02496939 0.02494446 0.08262557 0.02743896 0.01596281 0.02394064 0.04801044 0.07204486
0.007681172 0.01229567 0.01332974 0.01666698 0.02860544 0.02142652 0.01817538 0.0218087 0 0 0.01997895 0.01997138 0.009970713 0.01997657 0.04787064 0.06224216 0.04234256 0.06778005 0.0266339 0.03330198 0.0514703 0.03855313 0.03178707 0.03814143 0.009956747 0.009929793 0.06007694 0.06005416 0.02996857 0.06004277 0.05215189 0.06780872
0.01062729 0.009303561 0.02781289 0.02224263 0.01997875 0.02001885 0.01664568 0.03337395 0.0163381 0.01362081 0.03002853 0.0300402 0.03500306 0.00496889 0.02941978 0.02057701 0.06938361 0.06074121 0.02218221 0.01773964 0.02995412 0.03001425 0.0232886 0.04669277 0.04363426 0.03637718 0.01996006 0.01996782 0.1051144 0.01492161 0.07062861 0.04939961
0.002209839 0.007753494 0.01000341 0.01000412 0.03002525 0.03001353 0.009213221 0.02075852 0.007489385 0.02251655 0.006967051 0.002978244 0.03790846 0.03204893 0.03753009 0.06257992 0.0177577 0.0623051 0.01998816 0.01998958 0.03997434 0.03995874 0.03075352 0.06929147 0.01246896 0.03748746 0.06310507 0.02697587 0.09216406 0.07791821 0.02244148 0.03742027
0.006244562 0.003744515 0.008576561 0.01144128 0.003308532 0.006639506 0 0 0.02669185 0.01333039 0.00997986 0.009975959 0.02941639 0.02057828 0.03599831 0.064074 0.04378377 0.02625468 0.02141032 0.02856173 0.01663306 0.03337895 0.07004319 0.05997934 0.0533424 0.02664016 0.05002076 0.05000121 0.07061447 0.04939847 0.05393596 0.09600152
