0.0437793 0.02624455 0.03502211 0.03500391 0.02497832 0.05505674 0.01139831 0.008536273 0.06304891 0.02697331 0.01106791 0.03892028 0.03231275 0.0376984 0.01844081 0.02151811 0.006179915 0.003704698 0.0350371 0.0350189 0.02497469 0.05504874 0.02859869 0.02141775 0.0770818 0.0329768 0.008843243 0.03109725 0.02766504 0.03227605 0.0415711 0.04850824
0.01453268 0.02543186 0.0300288 0.04001368 0.01874387 0.04127015 0.01362287 0.01633767 0.03335835 0.06674363 0.01425994 0.03569756 0.0200081 0.01997628 0.01332526 0.0166493 0.0254512 0.044539 0.02999856 0.03997339 0.03124199 0.06878844 0.03638725 0.0436386 0.01663634 0.03328611 0.02570369 0.06434522 0.03001986 0.02997213 0.02668125 0.03333699
0.04365102 0.03638464 0.05094509 0.0190577 0.01994728 0.01994859 0.04548132 0.05462529 0.04849425 0.02151277 0.04267193 0.03735271 0.02690932 0.04312117 0.009947065 0.009949854 0.01633966 0.01361968 0.029101 0.0108862 0.05006324 0.05006652 0.004490028 0.005392743 0.04155053 0.01843243 0.03732665 0.03267374 0.0230393 0.0369196 0.05004233 0.05005636
0.008855592 0.01106988 0.05339631 0.026661 0.0199415 0 0.01798324 0.04206746 0.02568213 0.06435794 0.05062506 0.03937212 0.04005377 0.04997908 0.027257 0.02269793 0.0311305 0.03891449 0.04668222 0.02330863 0.05001434 0 0.01197117 0.02800367 0.01425016 0.03571008 0.03936721 0.03061667 0.0400572 0.04998336 0.03273261 0.02725768
0.01551111 0.05449941 0.0209815 0.04904014 0.03748016 0.0224531 0.03787958 0.08218884 0.0329561 0.04708537 0.01497761 0.01496119 0.02285735 0.01712824 0.03502884 0.02497147 0.004416879 0.01551903 0.008981344 0.02099213 0.06259345 0.03749762 0.02207301 0.0478927 0.03707565 0.0529711 0.03503493 0.03499652 0.01712371 0.01283172 0.03502878 0.02497142
0.04458563 0.02543041 0.03500175 0.02497571 0.04309362 0.0369228 0.02150967 0.04849093 0.03075192 0.04927534 0.03499481 0.03499446 0.04001313 0.04001583 0.01997895 0.01996505 0.02545195 0.01451709 0.03502801 0.02499444 0.02691649 0.02306217 0.01844264 0.04157669 0.01920289 0.03076975 0.0350131 0.03501275 0.02999448 0.0299965 0.03002097 0.03000008
0.05098008 0.02907271 0.04379903 0.006202569 0.0272813 0.0227126 0.01663894 0.01331608 0.0352653 0.06475783 0.0342566 0.04575602 0.01995642 0.03998518 0.05336552 0.02665383 0.01907654 0.01087889 0.0262656 0.003719586 0.03275067 0.02726604 0.03334972 0.02668964 0.02467248 0.04530618 0.02568437 0.03430622 0.02997637 0.0600614 0.04668106 0.02331522
0.03463997 0.05545048 0.01997833 0.0199831 0.01921667 0.0307622 0.01329847 0.02665155 0.02667296 0.03333056 0.042015 0.02798168 0.03428793 0.04571497 0.05065623 0.03935989 0.01536683 0.0245987 0.01999041 0.01999518 0.03077291 0.04926153 0.02664141 0.05339224 0.01330902 0.01663097 0.04805351 0.03200329 0.02570827 0.034276 0.03939206 0.03060764
0.03462932 0.05546087 0.02282764 0.0170938 0.02645978 0.02350215 0.02500383 0.02499498 0.0436907 0.03636861 0.02184655 0.0481458 0.01330986 0.0266689 0.02000191 0.0199953 0.01533712 0.02456329 0.05721315 0.04284237 0.06359822 0.05648932 0.03499827 0.03498589 0.01632825 0.01359181 0.02811045 0.06195027 0.01664676 0.03335505 0.0199982 0.01999159
0.07263128 0.06743642 0.01496008 0.03500126 0.0177516 0.02220776 0.004412391 0.03557219 0.04377558 0.02621411 0.05098272 0.01905383 0.03733334 0.03265413 0.02182068 0.03819264 0.06744271 0.06261896 0.01496308 0.03500828 0.02220424 0.02777814 0.005518898 0.04449272 0.006192377 0.003708178 0.02912588 0.01088525 0.04270161 0.03734957 0.01818354 0.03182657
0.03299847 0.04704299 0.03001249 0.01996478 0.02623238 0.03374597 0.02306648 0.03694004 0.02996374 0 0.03000752 0.05005888 0.02500399 0.02499923 0.01498575 0.01497728 0.0371173 0.05291485 0.02999294 0.01995177 0.04375258 0.05628438 0.02690127 0.0430813 0.02994272 0 0.02999446 0.05003708 0.03500403 0.03499736 0.03502387 0.03500408
0.0285964 0.02141014 0.02543195 0.01452336 0.01710877 0.04285785 0.01326788 0.06678722 0.04890439 0.06114359 0.05868836 0.02129058 0.0323042 0.03767105 0.04906051 0.02095373 0.01139691 0.008532869 0.04459638 0.02546754 0.02284134 0.05721807 0.006623296 0.03334002 0.03110762 0.03889287 0.05137833 0.0186387 0.02770554 0.0323084 0.02098811 0.008964014
0.03175029 0.02820171 0.04309311 0.03693307 0.02400444 0.03602463 0.01997602 0.01997068 0.02542127 0.04455016 0.07508481 0.04499863 0.02800593 0.04202954 0.01814858 0.03180712 0.05830762 0.05179086 0.02688505 0.02304191 0.01597974 0.02398158 0.040035 0.0400243 0.01452674 0.02545776 0.02498401 0.01497302 0.01198356 0.01798418 0.02181385 0.03823085
0.01634058 0.01360103 0.02999108 0.0299994 0.03076562 0.04928015 0.03000091 0.03001722 0.02332043 0.04671873 0.03602021 0.0239895 0.03736383 0.03267124 0.01268228 0.007237775 0.04366575 0.03634506 0.06003264 0.06004928 0.01919881 0.03075251 0.01997455 0.01998541 0.0166409 0.03333737 0.02397839 0.01596963 0.04267905 0.03731892 0.05734497 0.03272676
0.03757153 0.02246736 0.02331191 0.006635185 0.01761366 0.08245014 0.02305221 0.03693655 0.01665413 0.03333466 0.02398237 0.01597976 0.02463059 0.05543274 0.01797841 0.0119688 0.01246747 0.007455408 0.04673747 0.01330272 0.01231752 0.05765873 0.0269078 0.04311435 0.03332583 0.0667045 0.06605586 0.04401384 0.01535602 0.03455972 0.04203724 0.02798553
0.03788874 0.0220814 0.03500504 0.03501371 0.04001291 0.01998408 0.02768767 0.03232025 0.005679555 0.01427177 0.02693311 0.02308141 0.02221412 0.01777725 0.03002326 0.03002572 0.0821877 0.04789865 0.03496141 0.03497006 0.06003347 0.02998316 0.03228499 0.03768676 0.01422988 0.0357573 0.04310215 0.03693811 0.02777365 0.02222636 0.01998235 0.01998399
0.05627934 0.04377466 0.0232919 0.006632558 0.06433336 0.03570581 0.02150781 0.04848856 0.0349855 0.02498434 0.0509655 0.01907818 0.04266679 0.03734984 0.01196745 0.02798838 0.03373697 0.02624097 0.04673564 0.01330835 0.02568217 0.01425392 0.01844481 0.04158315 0.03500579 0.02499883 0.02909149 0.01088997 0.03732658 0.03267511 0.01797888 0.04204737
0.01451588 0.02545025 0.03499592 0.03501342 0.02179488 0.05828045 0.01245479 0.03749981 0.04806062 0.0119429 0.06504526 0.03497516 0.02727807 0.0227091 0.03231164 0.02767185 0.02544553 0.04461288 0.02496991 0.0249824 0.008150309 0.02179428 0.01746235 0.05257693 0.03200171 0.007952313 0.0650553 0.03498055 0.03274799 0.02726283 0.03770983 0.03229488
0.0192491 0.01067015 0.005701422 0.03433066 0.04951142 0.04048296 0.01750434 0.05253613 0.02151121 0.04850761 0.01334724 0.0266746 0.04502074 0.03498729 0.006647837 0.03331729 0.07082543 0.03925992 0.004267131 0.02569419 0.06052502 0.04948821 0.01248436 0.03746955 0.01843156 0.04156303 0.006658888 0.01330786 0.04499728 0.03496906 0.01331701 0.0667415
0.02307367 0.02692143 0.01087998 0.01905502 0.03231348 0.03771285 0.04206345 0.02796981 0.02271481 0.02726366 0.02624015 0.0337313 0.05736089 0.03271375 0.01863309 0.05135266 0.03693854 0.0430984 0.02908837 0.05094489 0.02769171 0.03231881 0.01797634 0.01195324 0.02726255 0.03272212 0.04378289 0.05628221 0.01266836 0.007224949 0.0213117 0.0587349
0.01331257 0.02669454 0.008855945 0.03113624 0.02330505 0.04671008 0.05055299 0.02944419 0.02627526 0.003717326 0.02182569 0.0181716 0.03078081 0.01920737 0.03061363 0.03939669 0.01663892 0.03336458 0.01106872 0.03891606 0.02662402 0.05336226 0.06952155 0.04049228 0.04380319 0.00619711 0.03820968 0.03181255 0.04926519 0.03074172 0.03934678 0.05063538
0.04669019 0.05338486 0.01533935 0.0245887 0.04311435 0.03694646 0.01663401 0.01331209 0.01996101 0.01996216 0.0307735 0.0192129 0.02999844 0.03000505 0.05827064 0.02180629 0.02328968 0.02662906 0.03460384 0.05546931 0.02690738 0.02305804 0.03334605 0.02668663 0.0600409 0.06004434 0.04925727 0.03075293 0.01998183 0.01998624 0.02179157 0.008154936
0.04501753 0.02497466 0.032308 0.02767958 0.02398426 0.01596605 0.04270381 0.03735088 0.04233893 0.0376383 0.04617994 0.05390171 0.01664111 0.03334807 0.00996992 0.01999724 0.04501192 0.02497155 0.03770603 0.03230429 0.03602277 0.02397994 0.03735028 0.03266843 0.04767398 0.04238104 0.01380232 0.01611021 0.02331921 0.04673068 0.009969982 0.01999737
0.02282553 0.05721866 0.02080147 0.02915706 0.0427002 0.0373516 0.02853225 0.01139922 0.03502239 0.02498143 0.02397531 0.03600935 0.0199864 0.01998835 0.06309996 0.006950829 0.01709984 0.0428656 0.02914636 0.04085396 0.03732764 0.032652 0.07150208 0.02856654 0.0350125 0.02497437 0.03599463 0.05406157 0.01999578 0.01999773 0.02697767 0.002971747
0.01529422 0.08472662 0.06116098 0.04888798 0.01495505 0.02499168 0.03429819 0.0256985 0.04709394 0.05295494 0.01662739 0.03333565 0.06007315 0.0199633 0.003961742 0.01597667 0.004573954 0.02533871 0.03891745 0.031108 0.01496269 0.02500445 0.04578005 0.03430148 0.03295427 0.03705554 0.01330188 0.02666847 0.06008893 0.01996855 0.005956114 0.02401945
0.02999067 0.02999007 0.02501527 0.01497614 0.02726183 0.02271783 0.01905948 0.0509831 0.01997055 0.0299988 0.02917234 0.04087494 0.05148122 0.02856167 0.02810715 0.02183893 0.06005419 0.06005298 0.02498956 0.01496075 0.03272955 0.02727418 0.01086938 0.02907502 0.01997016 0.02999821 0.02081723 0.02916814 0.03855684 0.02139125 0.06195457 0.04813799
0.02917537 0.04084506 0.02727099 0.03271818 0.02855897 0.05145463 0.04674499 0.02329107 0.02545826 0.04458544 0.02624428 0.03374248 0.02132037 0.01863316 0.00747264 0.02248411 0.02083105 0.02916315 0.0227282 0.027268 0.02142038 0.03859306 0.01330672 0.006630182 0.01450639 0.02540525 0.04377545 0.05628245 0.05872561 0.05132385 0.02246033 0.06757993
0.01139441 0.02853407 0.04002437 0.01997274 0.03184259 0.03820217 0.04292623 0.01711253 0.02721512 0.04277106 0.01919552 0.03076853 0.02222373 0.02777357 0.03231818 0.03772518 0.0285514 0.07149888 0.06006089 0.02997125 0.01817854 0.02180915 0.007093108 0.002827666 0.04279181 0.06725126 0.03073444 0.04926426 0.01776316 0.02219908 0.0276865 0.0323186
0.05214291 0.03787601 0.01999466 0.04001536 0.008970203 0.02097933 0.01454674 0.02545036 0.04201215 0.04802121 0.02273001 0.02725195 0.03502174 0.03499869 0.004970812 0.03501787 0.057927 0.0420775 0.01998471 0.03999546 0.02096688 0.04903692 0.02547171 0.04456424 0.02797561 0.03197701 0.02729424 0.0327242 0.03501994 0.03499689 0.004970688 0.03501699
0.02665096 0.0533753 0.02140335 0.03855656 0.02667208 0.03333474 0.03001391 0.02999209 0.03499223 0.03496389 0.03230735 0.03767224 0.04717759 0.06290595 0.02915456 0.04082719 0.01330616 0.02664895 0.02858231 0.05148892 0.01332242 0.01665034 0.02000823 0.01999368 0.04504925 0.04501276 0.02769537 0.0322944 0.01283002 0.01710737 0.02083421 0.02917562
0.01597176 0.02400972 0.04125186 0.01873683 0.02500726 0.02501828 0.01998292 0.01999975 0.03330678 0.01663008 0.08480322 0.03529616 0.03001074 0.03002433 0.01996718 0.01998312 0.02396333 0.03602315 0.0687912 0.03124535 0.02499073 0.02500174 0.02999043 0.03001568 0.06675394 0.03333024 0.03522521 0.01466117 0.01997444 0.01998348 0.04000898 0.04004092
0.00906763 0.04095322 0.04522543 0.03476635 0.01600845 0.02402152 0.005408343 0.004503515 0.0133284 0.02666429 0.04235861 0.03764409 0.02861738 0.02142419 0.02499136 0.03501724 0.01086997 0.04909336 0.08482564 0.06520841 0.02399425 0.03600463 0.05459127 0.04545803 0.01666391 0.0333372 0.04764839 0.04234511 0.01140977 0.008541842 0.0249912 0.03501703
0.02663432 0.05334496 0.04499063 0.03497852 0.06122684 0.06886802 0.01793483 0.0420239 0.04003347 0.04000089 0.04000419 0.04001703 0.02399241 0.03601332 0.02697258 0.0029641 0.0233159 0.04669862 0.0450303 0.03500936 0.01880091 0.02114729 0.01196347 0.02803215 0.009977167 0.009969047 0.01999459 0.02000101 0.01598415 0.02399269 0.06314424 0.006939113
0.04789722 0.08217469 0.03596714 0.08404655 0.01140738 0.02858503 0.008542282 0.01138761 0.03602516 0.02396004 0.03771196 0.03227052 0.02499481 0.02497491 0.03335666 0.04669803 0.02208212 0.03788511 0.02397794 0.05603068 0.008551354 0.02142831 0.02144651 0.02859007 0.02400351 0.01596454 0.03233415 0.02766867 0.03504686 0.03501896 0.01665495 0.02331628
0.06553692 0.01451747 0.01498267 0.0250074 0.02176405 0.008151503 0.02729023 0.03275066 0.04527438 0.02469998 0.02180433 0.01815741 0.08455447 0.04552857 0.01632341 0.04365655 0.02450946 0.005429236 0.01499169 0.02502245 0.05823585 0.02181164 0.02272581 0.02727296 0.06472419 0.03531106 0.03821122 0.03182013 0.04546855 0.02448266 0.01360278 0.03638031
0.04277155 0.0272013 0.02499453 0.02498985 0.03333003 0.04673799 0.005958621 0.02401583 0.04233485 0.03764531 0.02916223 0.04086212 0.0319935 0.007957518 0.04003892 0.03000585 0.06727011 0.04278157 0.03501019 0.03500363 0.0166391 0.02333265 0.003968455 0.0159946 0.0476433 0.04236573 0.02080782 0.02915592 0.04804548 0.01195002 0.0400313 0.03000014
0.02499108 0.03500602 0.02728278 0.02272643 0.04852765 0.0415483 0.005682013 0.01425366 0.04002759 0.04000829 0.01107315 0.00885342 0.03331638 0.06673311 0.02856629 0.02140384 0.02498678 0.035 0.03274997 0.02728058 0.02151344 0.01841933 0.01425998 0.035772 0.03999816 0.03997888 0.03891934 0.03111754 0.0266216 0.05332339 0.0514838 0.03857521
0.05180385 0.02821366 0.02398799 0.03603225 0.02180295 0.01816129 0.02777952 0.0222229 0.02663453 0.05341186 0.01998277 0.01998276 0.02767767 0.03231102 0.04278662 0.02720836 0.05829452 0.03174864 0.01597014 0.02398868 0.03820948 0.0318275 0.02219844 0.01775818 0.01328401 0.02663925 0.03001254 0.03001253 0.03228737 0.03769239 0.06728759 0.04278872
0.0386026 0.05148114 0.02907344 0.01085733 0.03734305 0.03266466 0.04285099 0.05716452 0.00998334 0.01999842 0.01998999 0.04005819 0.01333756 0.006651749 0.009973178 0.00996983 0.02140281 0.02854318 0.05097317 0.01903568 0.04267617 0.03732964 0.04712946 0.06287213 0.0199842 0.04003193 0.01996881 0.04001575 0.02666906 0.01330048 0.05004216 0.05002536
0.01775158 0.02221736 0.03183847 0.03821463 0.04003 0.0199636 0.03477394 0.04521842 0.0385968 0.02141419 0.03503645 0.03502346 0.01784156 0.03216807 0.004246729 0.005664736 0.02220073 0.02778577 0.01815663 0.02179279 0.03998875 0.01994303 0.0652614 0.0848629 0.05148383 0.02856415 0.01496435 0.01495881 0.03212667 0.05792391 0.0257021 0.03428418
0.01999689 0.02000071 0.02141611 0.03858668 0.03602335 0.02398695 0.02273096 0.02726193 0.02332946 0.01664891 0.03000717 0.02998402 0.0254432 0.0446072 0.01536153 0.03461492 0.01998067 0.01998448 0.02855863 0.05145579 0.05405298 0.03599239 0.02726805 0.0327034 0.046701 0.03332785 0.05003011 0.04999152 0.01450089 0.02542307 0.024599 0.05543017
0.031104 0.04890199 0.04004641 0.03999806 0.02181165 0.01814969 0.01332589 0.02666311 0.02779978 0.02220084 0.0119817 0.02799806 0.02248171 0.03749503 0.02153918 0.0485029 0.03889298 0.06114789 0.02999987 0.02996365 0.0382129 0.03179733 0.0166568 0.03332778 0.02221015 0.01773697 0.01798694 0.04203071 0.03750545 0.06255165 0.01844459 0.04153436
0.0230444 0.0269011 0.04670287 0.0233239 0.01772425 0.02221024 0.05503084 0.05506202 0.02796989 0.04201044 0.04912317 0.04095388 0.05147219 0.008531624 0.01872018 0.01121903 0.03693037 0.04311101 0.03332719 0.01664395 0.02218638 0.02780172 0.03498998 0.0350098 0.03199564 0.04805706 0.01085518 0.009049942 0.06867128 0.01138241 0.0312562 0.01873188
0.03894134 0.01106307 0.03502273 0.0350059 0.01844228 0.04155331 0.0149957 0.02499329 0.0119683 0.01797279 0.04312955 0.03693317 0.04002125 0.06004006 0.006889731 0.02302752 0.0311288 0.008843562 0.03501953 0.0350027 0.02152065 0.04848936 0.0149915 0.02498628 0.02799412 0.04203876 0.0269002 0.02303547 0.03998966 0.05999267 0.02304466 0.07702207
0.02500062 0.02498909 0.03000391 0.02998437 0.04002724 0.04001693 0.0375063 0.01245853 0.04890639 0.06115101 0.02347986 0.05647975 0.01774691 0.02219337 0.04001721 0.0400385 0.01497977 0.01497286 0.03001795 0.02999839 0.03000521 0.02999748 0.05257684 0.01746453 0.03110191 0.03888885 0.02644149 0.0636038 0.02222675 0.02779562 0.009961638 0.009966938
0.01268342 0.007242542 0.03771232 0.03232957 0.02569039 0.03431351 0.03503215 0.004965256 0.02998674 0.0300248 0.04261823 0.04739275 0.07774815 0.0323405 0.01794963 0.01197002 0.05734263 0.03274403 0.03227907 0.02767181 0.0342617 0.04576183 0.03500793 0.004961823 0.009949066 0.009961694 0.04737684 0.05268447 0.0423379 0.01761108 0.04202382 0.0280243
0.02273117 0.02726451 0.02399753 0.03603864 0.02140817 0.02856108 0.04285416 0.04715955 0.01748958 0.05259427 0.005676107 0.00425226 0.01330731 0.006634291 0.04379211 0.02623926 0.02727926 0.03271964 0.01597082 0.02398441 0.03856739 0.05145356 0.05713499 0.06287511 0.01246953 0.03749808 0.0343219 0.02571228 0.04672677 0.02329539 0.05627321 0.03371766
0.04001232 0.04001192 0.01995269 0.0199748 0.02997328 0.03998382 0.08563439 0.0544678 0.009969147 0.009967945 0.04671595 0.02333114 0.01597255 0.02397976 0.0514586 0.0385939 0.04002454 0.04002413 0.0299856 0.03001882 0.0300073 0.04002919 0.02438764 0.01551177 0.02000502 0.02000261 0.03334837 0.01665503 0.02400201 0.03603446 0.0285506 0.02141292
0.01999069 0.01998507 0.03599825 0.05402758 0.05260004 0.007449056 0.0291692 0.02079933 0.02499623 0.04505487 0.01997299 0.0199575 0.02331987 0.01665468 0.01997312 0.05005153 0.01998328 0.01997766 0.04400855 0.06604974 0.01745846 0.002472414 0.04088051 0.02915017 0.02497992 0.04502547 0.04001161 0.03998059 0.04669994 0.03335235 0.01995734 0.05001199
0.01713806 0.0128372 0.05005337 0.01997397 0.01331385 0.02666561 0.03267003 0.03735991 0.009960665 0.009958686 0.03764736 0.04239063 0.03752786 0.06258725 0.01795765 0.01195789 0.02286205 0.01712474 0.05003068 0.01996491 0.01664499 0.03333738 0.03733206 0.04269118 0.05004925 0.05003931 0.04231865 0.04765046 0.02247324 0.03747985 0.04202023 0.02798101
