0 0 0.001281982 0.008346129 0 0 0.03903687 0.02096735 0.0223729 0.02819172 0.01745439 0.01230414 0.05066615 0.02957403 0.01750015 0.03230418 0.01977263 0.03009398 0.008049009 0.05240172 0.04945788 0.0396603 0.07216899 0.03876316 0.01739592 0.02192031 0.05303156 0.0373836 0.1205365 0.07035764 0.03127503 0.05773174
0 0 0.001503553 0.008104489 0.01136155 0.008521893 0.0443974 0.02634545 0.003216254 0.006556097 0.01412723 0.01570458 0.01349503 0.006039324 0.04368954 0.0369376 0.009843216 0.02005694 0.00785652 0.04234841 0.02855481 0.02141794 0.05628704 0.03340078 0.02640562 0.05382591 0.07598368 0.0844675 0.09720433 0.04350108 0.08607423 0.072772
0.003535599 0.005891776 0.003835294 0.04669693 0.006506142 0.01323106 0.02576465 0.01445774 0.01093267 0.02882368 0.009873732 0.0198012 0.03241197 0.01754065 0.05075117 0.02994574 0.02630721 0.04383873 0.00530485 0.06458962 0.02312796 0.04703362 0.04476122 0.0251176 0.03872487 0.102097 0.02986145 0.05988541 0.058395 0.03160209 0.04990622 0.02944717
0.006632103 0.003210215 0.007160883 0.01267952 0.02507381 0.02538612 0.01408256 0.03606974 0.01396237 0.01606476 0.005174907 0.004262467 0.04243186 0.01788769 0.02789085 0.02203014 0.01310969 0.006345638 0.0327797 0.05804184 0.01446667 0.01464686 0.02535998 0.06495467 0.0560942 0.06454061 0.05480188 0.0451392 0.09858686 0.04156054 0.07239166 0.05717999
0 0.009658047 0.01192069 0.01798643 0.01326971 0.02666946 0.01615022 0.04426261 0.01406487 0.03602064 0.02092769 0.01841861 0.02784976 0.03211243 0.05629793 0.0443909 0 0.03995494 0.02799275 0.04223664 0.02674752 0.05375716 0.01320449 0.03618932 0.02532304 0.0648532 0.0694867 0.06115575 0.03238146 0.03733775 0.04438317 0.03499611
0 0 0.004755037 0.01487121 0.0315841 0.008750734 0.01660587 0.02348861 0.01881042 0.01044052 0 0 0.03174833 0.02851068 0.03841709 0.04201741 0.05025831 0.009595053 0.01467141 0.04588433 0.03883013 0.01075833 0.03311148 0.04683539 0.07144759 0.03965619 0.0804958 0.02911413 0.05774941 0.05186021 0.07151503 0.0782172
0.0225479 0.007307218 0.01783573 0.02240423 0.02503313 0.02513163 0.01877349 0.01106162 0.03766018 0.02249725 0.01342606 0.01617524 0.0194819 0.01956942 0.04475912 0.05633588 0.03771349 0.01222201 0.0221804 0.02786175 0.03495557 0.03509311 0.03138577 0.01849296 0.0626504 0.03742579 0.03632694 0.04376541 0.07019783 0.07051317 0.03507208 0.04414332
0.004265423 0.005156728 0.006531555 0.01325229 0.02474287 0.03549893 0.03640839 0.02394179 0.01815769 0.02192177 0.009936907 0.009843645 0.0695507 0.02110382 0.01303398 0.0266535 0.04545554 0.05495395 0.03324157 0.06744596 0.02423812 0.03477475 0.05435127 0.03574084 0.03175323 0.03833565 0.01996774 0.01978033 0.0921344 0.02795641 0.02623061 0.05363961
0.01517198 0.01495545 0.00746087 0.01249816 0.02207954 0.02824664 0.002542199 0.006929009 0.005836444 0.02424884 0.004337397 0.005180203 0.02673176 0.04352828 0.02726308 0.02299016 0.0352254 0.03472268 0.02243264 0.03757828 0.04811511 0.06155428 0.02697227 0.07351551 0.01350487 0.05610908 0.04590857 0.05482913 0.0532541 0.08671556 0.04316377 0.03639874
0.00564614 0.004232276 0.01386932 0.006041829 0.01823803 0.0121071 0.01040645 0.00922249 0.01165094 0.008304575 0.004694398 0.004723992 0.01666444 0.01335241 0.03116046 0.04968514 0.03421646 0.02564823 0.07674851 0.0334336 0.04191343 0.02782373 0.07976365 0.07068876 0.05865016 0.04180476 0.06496264 0.06537218 0.0331699 0.02657743 0.03824507 0.0609815
0.008532255 0.001095994 0.004918337 0.004888454 0.03983281 0.05133505 0.009638911 0.009628894 0.02577334 0.03472009 0.003078543 0.006266098 0.03378155 0.05696143 0.02612665 0.0234216 0.06228928 0.008001247 0.0251358 0.02498308 0.03022654 0.03895484 0.05029539 0.05024312 0.03399546 0.04579637 0.02652875 0.0539969 0.02557684 0.04312691 0.07426953 0.06657994
0.0120255 0.007944772 0.01196759 0.01807254 0.009793314 0.009856831 0.01190226 0.02838163 0.0212031 0.01856706 0.02813645 0.03211345 0.05106732 0.02949007 0.01980306 0.01967506 0.01781741 0.01177126 0.02801661 0.04230856 0.04004732 0.04030706 0.01766474 0.0421226 0.0588928 0.05157104 0.04183903 0.04775285 0.06950678 0.04013839 0.06031673 0.05992685
0.006852784 0.002875144 0.01263141 0.007464428 0 0 0.00727693 0.02260536 0.01851471 0.02136103 0.02130333 0.0185992 0.04159202 0.0289167 0.02698798 0.03301897 0.06380064 0.0267681 0.03760394 0.02222173 0.0297036 0.04016825 0.01218273 0.03784494 0.05106348 0.05891362 0.05874138 0.05128508 0.0586758 0.04079413 0.06306927 0.07716332
0 0 0.005199712 0.004091887 0.02029536 0.02009164 0.008985648 0.03111555 0.009966862 0.009929395 0.006957982 0.01265216 0.01412517 0.03604562 0.04633478 0.03420823 0.06051411 0.05001621 0.04497847 0.03539557 0.02994645 0.02964585 0.02010474 0.06961879 0.02989037 0.029778 0.04280112 0.07782814 0.02526976 0.06448518 0.07462947 0.05509775
0 0 0.002712572 0.01725945 0.0007563335 0.008900542 0.01387274 0.01631452 0.03126588 0.009130576 0.002819421 0.006692309 0.03107425 0.01881967 0.04831885 0.02206289 0.01977443 0.009795393 0.006836418 0.0434985 0.007855745 0.0924465 0.04594497 0.05403188 0.06969643 0.02035345 0.02672633 0.06343884 0.09973047 0.06040033 0.1026152 0.04685515
0.01122502 0.008388381 0 0 0.01071331 0.008884565 0.0406468 0.01995607 0.04166254 0.02898624 0.002351952 0.006622429 0.03000908 0.04041457 0.03713719 0.03300186 0.02882164 0.02153822 0.009647642 0.02988313 0.04941911 0.04098336 0.06029174 0.02960101 0.05877905 0.04089486 0.03700455 0.1041943 0.02952177 0.03975829 0.05276861 0.04689268
0.01525315 0.004941977 0.003882071 0.01610979 0.005620743 0.00419185 0.01390697 0.005976275 0.03725164 0.01330581 0.005136189 0.004200586 0.009058721 0.01013122 0.02111083 0.06992216 0.01459321 0.004728161 0.01563792 0.06489412 0.03425274 0.02554509 0.07726336 0.03320256 0.07370173 0.02632532 0.05503138 0.04500693 0.08076806 0.09033056 0.02753127 0.09118758
0 0 0.008358083 0.02130505 0.01729835 0.01277286 0.009026818 0.0310853 0.02477347 0.04581326 0.004123333 0.00513138 0.04036286 0.04020795 0.03613318 0.02360811 0.04007749 0.04997017 0.0113772 0.02900089 0.02266583 0.01673613 0.0203269 0.06999893 0.03503621 0.06479202 0.03575066 0.04449077 0.04984235 0.04965106 0.08484726 0.05543613
0 0 0.01840509 0.02095994 0.02515155 0.025208 0.02317213 0.02686894 0.01884647 0.01118015 0.01993959 0.03005151 0.02524011 0.0149211 0.01986637 0.04018904 0.05003891 0.03995839 0.05172998 0.05891072 0.04508671 0.0451879 0.0367309 0.04259083 0.0312836 0.01855814 0.03994113 0.06019639 0.02472336 0.01461562 0.0398441 0.08060334
0 0 0.007424188 0.01199148 0.01872573 0.02147728 0.01487664 0.01486225 0.02009453 0.009842861 0.02308273 0.02693072 0.03294852 0.02728939 0.04769416 0.04275951 0.01951402 0.04018302 0.04237496 0.06844365 0.05140712 0.05896085 0.05490596 0.05485285 0.04039577 0.01978697 0.03689248 0.04304262 0.02700622 0.02236772 0.05265695 0.04720884
0 0 0.01236802 0.01736597 0.008533712 0.02175816 0.01239134 0.01743735 0.01092833 0.01914956 0.00896484 0.01043345 0.03555903 0.0351733 0.0400766 0.03986033 0.009661171 0.04013014 0.03772758 0.05297338 0.01116971 0.02847909 0.03738933 0.05261504 0.02914473 0.0510699 0.05087436 0.05920855 0.03481038 0.03443277 0.09040085 0.089913
0.004910908 0.004831492 0.01543264 0.02463306 0.02009385 0.01996721 0.01928889 0.03076114 0.01191046 0.02817874 0.01840353 0.04173978 0.03006272 0.02987932 0.02197944 0.04792682 0.01500974 0.01476701 0.03486532 0.05565084 0.03002024 0.02983103 0.03080695 0.04912968 0.01785827 0.04225056 0.02128427 0.04827339 0.06039846 0.06002999 0.03767431 0.08214995
0.01245485 0.01772563 0.004827739 0.004844724 0 0 0.0159203 0.01358635 0.05419439 0.02666736 0.03020012 0.01994608 0.02092154 0.01869365 0.01985046 0.03016681 0.03713002 0.05284308 0.04509654 0.0452552 0.08031066 0.02934896 0.05430887 0.04634708 0.02620375 0.01289405 0.02994132 0.01977515 0.06897873 0.06163334 0.03966072 0.06027254
0.004830778 0.004813701 0.008025237 0.001908353 0 0 0.03002934 0.01989966 0.03141264 0.05925373 0.01051448 0.008798458 0.02984818 0.03001165 0.04764893 0.04300487 0.04530585 0.04514569 0.03216433 0.007648485 0.08072366 0.02942397 0.03012073 0.01996022 0.0380114 0.07170096 0.04925205 0.04121386 0.03965033 0.03986747 0.05246208 0.04734892
0.003246723 0.006698931 0.001341109 0.008366491 0.02127632 0.008975928 0.01235983 0.007529616 0.01385241 0.01622178 0.006834102 0.0231014 0.02200754 0.007695872 0.01236279 0.03812915 0.01614904 0.03332016 0.01808386 0.1128159 0.04880235 0.02058844 0.06863364 0.04181165 0.04615284 0.054047 0.02277651 0.07699173 0.1192602 0.04170441 0.0168607 0.05200152
0.003147497 0.006484986 0 0 0.02202435 0.008084342 0.01803552 0.01192129 0 0 0.01890334 0.03059922 0.05560007 0.03531492 0.0298917 0.02999277 0.01643198 0.03385584 0.019794 0.0299766 0.05833054 0.02141103 0.07254834 0.04795369 0.08023488 0.05998421 0.03077359 0.04981384 0.05448725 0.03460811 0.05979695 0.05999915
0.003910482 0.005249386 0 0 0.01192763 0.01797101 0.02698495 0.0336232 0.03878476 0.02172596 0.009659116 0.01946018 0.02559873 0.03419409 0.05766486 0.07324564 0.02601587 0.03492341 0.0298629 0.06016926 0.02811267 0.04235653 0.01286408 0.01602861 0.03168025 0.01774624 0.04007442 0.08073776 0.03416555 0.04563742 0.05269371 0.06693131
0.01010563 0.01005773 0.006867021 0.002854064 0.0101254 0.01011396 0.002836288 0.006787394 0.007529059 0.01215053 0.01136526 0.01846159 0.005010077 0.004142373 0.0636184 0.06797524 0.0300915 0.02994888 0.06384646 0.02653579 0.01989934 0.01987686 0.0265406 0.06351311 0.04229407 0.06825493 0.03796598 0.06167152 0.05495907 0.04544061 0.07694587 0.08221543
0.004295299 0.01557691 0.004264034 0.005357672 0.01204612 0.007684665 0.0326743 0.03811312 0.04898407 0.0320125 0.006145614 0.002986238 0.01084974 0.03900678 0.03180309 0.03819985 0.01517727 0.05504041 0.03571019 0.04486912 0.01806324 0.0115232 0.02751243 0.03209202 0.04193688 0.02740696 0.05399831 0.02623852 0.02837668 0.1020193 0.06816275 0.08187276
0 0 0.01320048 0.02668237 0.01177732 0.007751096 0.02446531 0.01594566 0.03478785 0.0464336 0.004181012 0.004852756 0.01982024 0.01980576 0.01527176 0.0350248 0.009345723 0.03996313 0.02669656 0.05396225 0.07887712 0.05191201 0.03597421 0.02344677 0.02530352 0.03377425 0.05591635 0.06490016 0.07024984 0.07019853 0.02413272 0.05534686
0.01492168 0.0150223 0.01786411 0.03243823 0.03106664 0.00896807 0.01078705 0.01900666 0.01214035 0.007519057 0.009900715 0.009797633 0.02385847 0.03644528 0.02252719 0.03773656 0.02471925 0.02488594 0.0320615 0.0582183 0.0699196 0.02018383 0.02894177 0.05099506 0.06835195 0.04233341 0.04012165 0.03970392 0.03547458 0.05418959 0.03734348 0.06255616
0.004910467 0.004886175 0.01009491 0.009967175 0 0 0.01988187 0.04020183 0.00553808 0.014293 0.01493963 0.02501931 0.02840091 0.03165247 0.0320723 0.04814188 0.03543746 0.03526215 0.01993738 0.0196851 0.07072709 0.02948325 0.009769962 0.0197552 0.01383562 0.03570776 0.04504657 0.07543923 0.06141704 0.06844853 0.06799072 0.1020569
0.0085641 0.001313191 0.002976186 0.006731321 0.01512173 0.01509593 0.003231373 0.01680051 0.0337472 0.01667703 0.006505871 0.01302217 0.02218939 0.02790363 0.01310678 0.03701359 0.05178387 0.007940368 0.03709755 0.08390453 0.03501876 0.03495901 0.006365607 0.03309597 0.06680791 0.03301482 0.03328684 0.06662705 0.05752462 0.07233845 0.03667222 0.1035624
0 0 0.01124423 0.008169071 0.005630461 0.01449031 0.01431089 0.005599474 0.02805045 0.03270517 0.01369027 0.005742842 0.02200985 0.02832126 0.01428206 0.02575365 0.03963371 0.05987446 0.09926462 0.07211693 0.01375459 0.03539822 0.08662065 0.03389237 0.03215382 0.03748946 0.0562634 0.02360156 0.04831662 0.06217161 0.02477438 0.0446736
0 0 0 0 0.007376371 0.02246623 0.008023125 0.02179488 0.02530783 0.02501046 0.02413424 0.01575561 0.009800637 0.01964098 0.03230972 0.04837992 0.01981733 0.04005014 0.01963732 0.05028107 0.02237169 0.06813752 0.02153751 0.05850681 0.04518572 0.04465478 0.06665257 0.04351294 0.04000607 0.08017423 0.04783986 0.07163443
0.00659725 0.01345939 0.01417722 0.005560088 0.009834632 0.02040515 0.008974 0.01081753 0.01780285 0.03241454 0.02691003 0.02315377 0.0252643 0.01424637 0.02572966 0.03465323 0.01297159 0.02646401 0.08693824 0.03409585 0.009463448 0.01963501 0.04108342 0.04952317 0.03191767 0.05811411 0.04269125 0.03673215 0.1159988 0.06541091 0.03364569 0.04531471
0 0 0 0 0.0118635 0.02820417 0.01068724 0.008842049 0.02313961 0.01722166 0.0282469 0.02175673 0.02339817 0.03654438 0.02824548 0.03185011 0.04035594 0.009478256 0.03976371 0.07056068 0.01769506 0.04206805 0.04951516 0.04096617 0.01676591 0.01247803 0.06227005 0.04796253 0.06666566 0.1041216 0.05138761 0.05794557
0.002098919 0.007574761 0.008496838 0.01146182 0.01237213 0.007250588 0.02528476 0.03533494 0.01735982 0.01270813 0.01427207 0.005028687 0.03639397 0.04373968 0.0246591 0.0759638 0.01753601 0.06328546 0.02119267 0.02858787 0.03781203 0.02215944 0.02483932 0.03471245 0.0226827 0.01660471 0.09694979 0.03415975 0.06377473 0.07664693 0.02427514 0.07478099
0.0110978 0.008824023 0.009950466 0.009919055 0.02130184 0.008878689 0.004837477 0.004816908 0.03016465 0.03019608 0.007721719 0.01169981 0.03714717 0.05373658 0.02205518 0.02765254 0.03888682 0.03091947 0.0504156 0.05025645 0.04928802 0.02054343 0.0351066 0.03495733 0.04995783 0.05000988 0.03179902 0.04818131 0.03230939 0.04673831 0.05796041 0.07267013
0.01338689 0.006340198 0 0 0.03232221 0.02827244 0.01987777 0.02005302 0.005160716 0.01458519 0.02325956 0.006810607 0.03033023 0.0200291 0.01713009 0.01244197 0.006616572 0.003133692 0.04005055 0.019961 0.04794312 0.04193615 0.04983351 0.05027289 0.03418566 0.09661533 0.077269 0.02262505 0.05971117 0.03943133 0.09292296 0.06749203
0.006702594 0.00326433 0.005215106 0.004344931 0.008464354 0.01140657 0.02504158 0.0354373 0.03748533 0.03212275 0 0 0.01582653 0.01352619 0.06807707 0.07308536 0.01317663 0.006417344 0.05509291 0.0459003 0.02137776 0.0288087 0.02457399 0.0347756 0.03286532 0.02816368 0.08001438 0.0392344 0.05412976 0.04626215 0.07195669 0.0772504
0.004275212 0.005380888 0.01845511 0.02195228 0.01541779 0.02495373 0.006722382 0.01256179 0.01984368 0.009711099 0 0 0.01177576 0.007715844 0.04269724 0.05853718 0.03558345 0.04478622 0.03176653 0.03778616 0.03424 0.05541753 0.0629916 0.1177093 0.04073097 0.01993292 0.01947904 0.07031643 0.04847353 0.03176137 0.03754769 0.05147724
0.007452497 0.002378528 0.02526426 0.02514018 0.01756353 0.0125163 0.01575669 0.01390276 0.01511849 0.01520943 0.007974852 0.02191861 0.005785648 0.003592958 0.02534792 0.03507735 0.02246386 0.00716953 0.05524619 0.05497486 0.05256435 0.03745893 0.07445388 0.06569365 0.0249062 0.02505602 0.0212691 0.05845741 0.07449897 0.04626477 0.05433357 0.07518872
0.004220765 0.005601163 0.003645002 0.006129748 0.01088104 0.01909059 0.01136932 0.02884015 0.01543596 0.02472393 0.01120769 0.00827232 0.02968378 0.05097498 0.02145966 0.02846391 0.02579509 0.03423136 0.02617572 0.04401933 0.02896149 0.05081242 0.02833937 0.07188744 0.03455063 0.05534009 0.06941583 0.05123537 0.04037023 0.06932647 0.03848842 0.05105072
0.006363064 0.02317583 0 0 0.01155036 0.008471043 0.009876031 0.01988488 0.04387299 0.02684442 0.01398936 0.02547821 0.01657697 0.03355078 0.02665424 0.05371182 0.01300808 0.0473786 0.0808096 0.03915574 0.02854062 0.02093171 0.05006039 0.100794 0.0369704 0.02262096 0.03556315 0.06476961 0.0231963 0.04694788 0.02296845 0.04628447
0.0074118 0.0229204 0.006155908 0.003582412 0.01649743 0.01357733 0.01372378 0.01637337 0.01637521 0.01385591 0.001543799 0.008113961 0.01257239 0.01734051 0.01163273 0.01832306 0.01213303 0.03752043 0.04445057 0.02586788 0.04380832 0.0360541 0.03644362 0.04347963 0.05405423 0.04573808 0.01762775 0.09264864 0.06730718 0.09283364 0.05826226 0.09177064
0 0 0.02454103 0.00518902 0.00902494 0.01059925 0.01539472 0.0248874 0.03531016 0.03538232 0.02294351 0.02706036 0.02775633 0.02209942 0.01520567 0.02460588 0.0298071 0.01958687 0.0665883 0.01407961 0.05075914 0.05961358 0.03436842 0.05556063 0.03479496 0.03486607 0.03663828 0.04321243 0.07259788 0.05780199 0.03426957 0.05545518
0.002710753 0.00700672 0.008899742 0.01106856 0.02210189 0.01822223 0.01241188 0.0174065 0.02514784 0.01483556 0.005242705 0.01429626 0.01307485 0.02665528 0.04594069 0.05497854 0.01675009 0.04329543 0.03128363 0.03890729 0.03832634 0.03159872 0.0374667 0.05254351 0.07583892 0.04473993 0.02414256 0.065834 0.02622709 0.05346835 0.05443432 0.06514311
0 0 0.006448371 0.0232711 0.01372047 0.01586928 0.01320376 0.02711834 0.03295339 0.03743771 0.01655565 0.01304344 0.03987504 0.09078846 0.04829492 0.01142008 0.009550726 0.02982129 0.0132167 0.04769687 0.04653973 0.05382847 0.0162795 0.0334354 0.03744634 0.04254206 0.03356893 0.02644743 0.03955874 0.09006829 0.07278773 0.01721179
0 0 0.008433577 0.0212145 0.01458533 0.02567885 0.00528148 0.02459515 0.009846801 0.01975539 0.008956145 0.02097737 0.02277409 0.01670584 0.04570591 0.06548956 0.02988544 0.07029126 0.0114459 0.02879194 0.02530748 0.04455619 0.01413024 0.06580265 0.04012446 0.08050068 0.02087722 0.0488993 0.05767841 0.04230976 0.04496751 0.06443154
