0 0 0 0 0 0 0 0 0.002188463 0.02735343 0 0 0 0.0502933 0.01508829 0.04507652 0 0.05988418 0 0.08007542 0 0.1204813 0 0.09955911 0.007458001 0.09321694 0.03002979 0.09979378 0 0.08912439 0.04523545 0.1351416
0 0 0 0 0 0 0 0 0.001378965 0.01838597 0.002611866 0.03748393 0.005649861 0.01393969 0.01196342 0.0685863 0 0.04988168 0 0.09022943 0 0.0599762 0 0.09991269 0.008412563 0.1121661 0.007129612 0.1023199 0.03466972 0.08553928 0.02818399 0.1615789
0 0 0 0 0 0 0 0 0 0.02995511 0 0.04025456 0.005728312 0.01373466 0.01305759 0.05726976 0 0.1106958 0.0097759 0.04990606 0 0.05964936 0 0.1099729 0 0.07979857 0 0.06961398 0.04427674 0.1061614 0.03716146 0.1629878
0 0 0 0 0 0 0 0 0.003469212 0.05667549 0.002404769 0.02724614 0.006346245 0.06362819 0.0220589 0.05817106 0 0.09032158 0 0.05999357 0 0.03946726 0 0.08021759 0.006336203 0.1035127 0.007302518 0.08273785 0.01362612 0.136617 0.03845603 0.1014116
0 0 0 0 0 0 0 0 0.008590884 0.05228684 0.004082844 0.01521301 0 0.01967382 0.01168885 0.05846375 0 0.02993925 0 0.03979813 0 0.06013385 0 0.1101288 0.01121114 0.06823452 0.03610674 0.1345367 0 0.1099297 0.03831954 0.1916617
0 0 0 0 0 0 0 0 0.005335488 0.06548278 0.004611413 0.03469509 0 0.03984102 0.01279525 0.05723896 0 0.03950083 0 0.1305072 0 0.110621 0 0.07937093 0.004482694 0.05501639 0.01529469 0.1150734 0 0.07971981 0.02748046 0.1229326
0 0 0 0 0 0 0 0 0 0.05046857 0.002333087 0.006978924 0.01483616 0.08613632 0.004284409 0.01496254 0 0.1005801 0 0.04974714 0 0.07989092 0 0.0497818 0 0.05869676 0.0378814 0.113314 0.0248891 0.1445021 0.03577585 0.1249408
0 0 0 0 0 0 0 0 0.003677601 0.02648858 0.008240763 0.02142709 0.009452296 0.03060631 0.01254108 0.03756628 0 0.1003303 0 0.1402252 0 0.0699661 0 0.05947835 0.005998096 0.04320235 0.04177898 0.108631 0.03074069 0.09953763 0.03757049 0.1125408
0 0 0 0 0 0 0 0 0 0.02984555 0.007504106 0.02237428 0.008191206 0.04118455 0.01980947 0.09109083 0 0.07036041 0 0.04997899 0 0.05989136 0 0.05976924 0 0.08993141 0.02260527 0.06739998 0.0316189 0.1589766 0.03027105 0.1391968
0 0 0 0 0 0 0 0 0 0.05085766 0.001720834 0.01788997 0.01527838 0.0247765 0.006568554 0.0229081 0 0.02961596 0 0.1207659 0 0.09007339 0 0.08954479 0 0.02922941 0.00789044 0.08202986 0.06490849 0.1052602 0.0536333 0.1870483
0 0 0 0 0 0 0 0 0.003998204 0.05673731 0.00434775 0.01508774 0.001718521 0.007650314 0.005683433 0.05477673 0 0.04979194 0 0.05976361 0 0.1509999 0 0.08944453 0.00588836 0.08355994 0.03597685 0.1248483 0.01827976 0.08137573 0.01410712 0.1359639
0 0 0 0 0 0 0 0 0.003851545 0.06664662 0.002567669 0.01667303 0.005556574 0.04428178 0.01099631 0.06942647 0 0.09029026 0 0.06998954 0 0.03966304 0 0.07005716 0.005983085 0.1035305 0.0174109 0.1130568 0.01451587 0.1156807 0.01911805 0.120704
0 0 0 0 0 0 0 0 0.002091756 0.02782346 0.00146783 0.01815113 0.009272905 0.03056307 0.02164683 0.07898302 0 0.07018404 0 0.05983616 0 0.0801327 0 0.1098471 0.007714231 0.1026108 0.008238885 0.1018817 0.02085848 0.0687486 0.03870908 0.1412382
0 0 0 0 0 0 0 0 0.00555437 0.02403814 0 0.03992343 0.01740425 0.0728742 0.01085594 0.06934967 0 0.03979553 0 0.07040447 0 0.04975372 0 0.06004628 0.02449797 0.1060221 0 0.09976402 0.03278482 0.1372749 0.01890265 0.1207535
0 0 0 0 0 0 0 0 0 0.07073423 0 0.04960383 0.01002324 0.04010556 0 0.02953313 0 0.05966386 0 0.1202351 0 0.1103158 0 0.08978518 0 0.05924838 0 0.1405146 0.01997676 0.07993214 0 0.1203282
0 0 0 0 0 0 0 0 0.001064447 0.01854503 0.002113523 0.02801416 0.01076758 0.0497904 0.003963523 0.01574135 0 0.1101137 0 0.0698863 0 0.1203167 0 0.05968326 0.00870019 0.1515766 0.00771576 0.1022703 0.01940314 0.08972214 0.02627184 0.10434
0 0 0 0 0 0 0 0 0 0.08093653 0.001269512 0.0177969 0.005306862 0.03447452 0.006704132 0.07351154 0 0.02950035 0 0.09043904 0 0.05993926 0 0.1001213 0 0.09977524 0.008674683 0.1216077 0.01468304 0.0953842 0.01336177 0.1465133
0 0 0 0 0 0 0 0 0 0.06056476 0.001248013 0.008065284 0.006362914 0.06411808 0.00371755 0.0259234 0 0.04973563 0 0.06008659 0 0.08992732 0 0.09025045 0 0.1196228 0.01885117 0.1218257 0.01351183 0.1361566 0.01630851 0.1137233
0 0 0 0 0 0 0 0 0 0.08103038 0.006590446 0.02299693 0.005902446 0.03379956 0.01616518 0.04351506 0 0.02948142 0 0.1007186 0 0.03940795 0 0.1203921 0 0.07975689 0.01323671 0.04618864 0.02387937 0.136742 0.05422584 0.1459706
0 0 0 0 0 0 0 0 0.00372171 0.0260216 0.001930739 0.03788467 0.006252682 0.04373809 0.01418087 0.05626964 0 0.05995979 0 0.06996749 0 0.10056 0 0.04951273 0.01628453 0.1138588 0.007776733 0.1525939 0.01370875 0.09589401 0.02614398 0.1037392
0 0 0 0 0 0.009543434 0 0 0.009413361 0.08186437 0.004216683 0.01473891 0.01332157 0.02640599 0.0183122 0.06218348 0 0.02964877 0 0.07026942 0 0.03017431 0 0.09036407 0.01023108 0.08897576 0.03573483 0.1249068 0.04708652 0.09333484 0.03168376 0.1075898
0 0 0 0 0 0 0 0 0 0.009876883 0.002191302 0.007696172 0.01893076 0.02150863 0.006385553 0.0234107 0 0.0699235 0 0.1104805 0 0.08006635 0 0.08952961 0 0.1204824 0.01758568 0.06176347 0.05112479 0.05808663 0.05378191 0.1971751
0 0 0 0 0 0 0 0 0 0.06068178 0.001788122 0.02767859 0.008799522 0.03087592 0.01682893 0.05334714 0 0.07017461 0 0.06983145 0 0.07983351 0 0.1201604 0 0.04913957 0.007931596 0.1227743 0.03116007 0.109335 0.03349175 0.1061677
0 0 0 0 0 0 0 0 0.006112504 0.03375499 0.002926799 0.01638854 0.01225288 0.09886658 0.02678942 0.07290829 0 0.09057514 0 0.05986325 0 0.03974161 0.009836186 0.05998382 0.01379231 0.07616506 0.01673185 0.09368957 0.007579681 0.06115925 0.05397837 0.1469039
0 0 0 0 0 0 0 0 0.003348814 0.03695371 0.003472896 0.0261462 0.00373173 0.05677407 0.008859973 0.03071261 0 0.03967082 0 0.09007261 0 0.08988858 0 0.150368 0.006639328 0.07326409 0.01646587 0.1239657 0.006150835 0.09357802 0.03133056 0.1086056
0 0 0 0 0 0 0 0 0 0.009837031 0.002897669 0.02708003 0.01498381 0.07548345 0.0281779 0.06154011 0 0.04011027 0 0.07024327 0 0.09003186 0 0.09961461 0 0.02982543 0.006766868 0.06323944 0.02479901 0.1249291 0.07237474 0.1580654
0 0 0 0 0 0 0 0 0.003855977 0.04658778 0.001565504 0.007728857 0.003287124 0.02614966 0.003569687 0.08725541 0 0.09015689 0 0.1104088 0 0.07003803 0 0.04939631 0.006075937 0.07340927 0.01856349 0.09164752 0.01679914 0.1336402 0.006283133 0.1535813
0 0 0 0 0 0 0 0 0.002856832 0.03717388 0.004709822 0.03509776 0.002993057 0.0573324 0.003627523 0.03620873 0 0.07993528 0 0.1000021 0 0.03895206 0 0.1611106 0.007135136 0.09284433 0.01540988 0.114835 0.006984673 0.1337924 0.006283075 0.06271556
0 0 0 0 0 0 0 0 0.01052714 0.05996386 0.002984056 0.01636549 0.006562199 0.02288048 0.009459081 0.0712577 0 0.07986822 0 0.09023279 0 0.02918155 0 0.1207174 0.01941337 0.1105809 0.01697391 0.09309021 0.03365992 0.1173623 0.01042032 0.07849899
0 0 0 0 0 0 0 0 0.002493132 0.02765502 0.0008466289 0.008649156 0.002772379 0.02645901 0.02393739 0.08718728 0 0.02967991 0 0.08046958 0 0.09019826 0 0.07965224 0.007454353 0.08268728 0.008921629 0.09114331 0.01712862 0.163472 0.03644586 0.1327469
0 0 0 0 0 0 0 0 0.009436853 0.04085626 0.004511147 0.01491818 0.007435818 0.04230492 0.01204873 0.0684881 0 0.03950046 0 0.1005672 0 0.07991479 0 0.09001754 0.02066668 0.0894751 0.02555587 0.08451223 0.02248489 0.1279242 0.01786001 0.101521
0 0 0 0.009422222 0 0 0 0 0.002484138 0.02758921 0.002999414 0.0164918 0.01063383 0.09067952 0.01428359 0.06541628 0 0.02974689 0 0.07092381 0 0.04966023 0 0.1202468 0.007457097 0.08281963 0.01693753 0.09312826 0.009334022 0.07959543 0.03587038 0.1642799
0 0 0 0 0 0 0 0 0 0.01983226 0.004251268 0.01544271 0.003930506 0.03575313 0.01440639 0.08638374 0 0.03995397 0 0.06012179 0 0.04974147 0 0.1001828 0 0.1103612 0.02591191 0.09412485 0.0158897 0.1445377 0.02561023 0.1535643
0 0 0 0 0 0 0 0 0 0.06061522 0.0009837649 0.01808993 0.002810133 0.05728892 0.01232141 0.05789061 0 0.03974773 0 0.1005997 0 0.05006953 0 0.02958299 0 0.08937442 0.008798486 0.1617907 0.00701815 0.1430759 0.02806806 0.1318743
0 0 0 0 0 0 0 0 0.0008612016 0.00871427 0.005672211 0.01400066 0.009252766 0.07100376 0.007580083 0.07291505 0 0.05997306 0 0.09041077 0 0.0698239 0 0.05979227 0.009007179 0.09114125 0.03466245 0.08555694 0.02077784 0.1594448 0.01218627 0.1172233
0 0 0 0 0 0 0 0 0 0.04048235 0.001043889 0.0185061 0 0.0505423 0.005091298 0.01433407 0 0.08021071 0 0.1101418 0 0.0802238 0 0.05942368 0 0.05913119 0.008569184 0.1519148 0 0.1094097 0.05529563 0.1556796
0 0 0 0 0 0 0 0 0.003025512 0.02704695 0.002806733 0.01672019 0.003041786 0.07720884 0.006373902 0.06377608 0 0.04989207 0 0.09044733 0 0.07996175 0 0.05969886 0.007009298 0.06266051 0.01730465 0.1030868 0.006828455 0.1733248 0.01360967 0.1361758
0 0 0 0 0 0 0 0 0.001941252 0.02784454 0.003925531 0.01558447 0.01735235 0.0732815 0.006946855 0.0631235 0 0.05999091 0 0.05999091 0 0.07990757 0 0.09011061 0.007835403 0.1123879 0.02625721 0.1042419 0.022871 0.09658758 0.01287041 0.1169486
0 0 0 0 0 0 0 0 0 0.02986917 0.005645767 0.07449807 0.00880351 0.04125141 0.01207852 0.04785356 0 0.08063184 0 0.05941867 0 0.06007271 0 0.06987678 0 0.04914546 0.01414481 0.1866462 0.02114497 0.09908093 0.02818242 0.1116552
0 0 0 0 0 0 0 0 0.003280856 0.0264503 0.004583134 0.02546038 0.01437496 0.04572495 0.0114048 0.03872062 0.01002155 0.06003302 0 0.05002826 0 0.1207413 0 0.01917582 0.01657693 0.1336434 0.01524312 0.08467905 0.03567499 0.1134777 0.03883966 0.1318652
0 0 0 0 0 0 0 0 0 0.04032645 0.009903501 0.01963409 0.006232358 0.05387319 0.01226256 0.06776785 0 0.120961 0 0.07965114 0 0.04959129 0 0.08979659 0 0.01879136 0.04047974 0.08025273 0.013503 0.1167214 0.02761885 0.1526329
0 0 0 0 0 0 0 0 0.002826361 0.0169465 0.001351319 0.008100547 0.005878489 0.0441772 0.01183818 0.07888141 0 0.08014931 0 0.09011332 0 0.04963141 0 0.100106 0.01719586 0.1031042 0.0186163 0.1115963 0.01410333 0.1059874 0.01819015 0.1212065
0 0 0 0 0 0 0 0 0.00224777 0.02770176 0.005924864 0.03378903 0.01010286 0.01981731 0.01940936 0.07100705 0 0.06017736 0 0.06974183 0 0.07033024 0 0.09975057 0.007517655 0.09264839 0.02390769 0.1363437 0.02007616 0.03938049 0.04081364 0.1493123
0 0 0 0 0 0 0 0 0.005461479 0.1061426 0.001762251 0.01690334 0.00279012 0.01665695 0.01684255 0.06344072 0 0.03997563 0 0.03979306 0 0.01953707 0 0.1106942 0.004348703 0.08451604 0.01804179 0.1730551 0.01729869 0.1032727 0.03345442 0.1260125
0 0 0 0 0 0 0 0 0.002983289 0.02702643 0 0.04001449 0.00804143 0.03184035 0.005665325 0.07442869 0 0.07018283 0 0.0900899 0 0.06988824 0 0.119839 0.006961502 0.06306616 0 0.07967541 0.02218146 0.08782832 0.014167 0.1861202
0 0 0 0 0 0 0 0 0.002142511 0.01774673 0.01077694 0.03899654 0.02020834 0.040109 0.02211956 0.05790037 0 0.0197808 0 0.09041819 0 0.06035118 0 0.03944983 0.007532022 0.06238885 0.03902062 0.1411968 0.04011713 0.07962345 0.05808287 0.1520383
0 0 0 0 0 0 0 0 0.007491599 0.05279058 0.002296467 0.03725757 0 0.08064738 0.008313113 0.0412033 0 0.04971859 0 0.06994808 0 0.1102855 0 0.1100479 0.01242557 0.0875585 0.007577455 0.1229356 0 0.06908231 0.02189579 0.1085248
0 0 0 0 0 0 0 0 0.008729711 0.0617397 0.002974946 0.04665405 0.01614694 0.04394574 0.01781344 0.06199547 0 0.0498929 0 0.08023841 0 0.07027359 0 0.05959509 0.01112491 0.07867944 0.006591766 0.1033742 0.02403985 0.06542721 0.04257844 0.1481842
0 0 0 0 0 0 0 0 0.002952992 0.02692892 0.004952338 0.02475377 0.01127262 0.04860979 0.01429069 0.07623889 0 0.07997968 0 0.1001011 0 0.1301807 0 0.1197385 0.006923237 0.06313437 0.01504961 0.07522397 0.01882792 0.08118976 0.01573059 0.08392055
0 0 0 0 0 0 0 0 0 0.0503875 0.003213122 0.0159707 0.0110728 0.05924534 0.006627295 0.07348325 0 0.09058812 0 0.05968258 0 0.04975298 0 0.07997631 0 0.05908902 0.02697765 0.1340913 0.01887468 0.1009896 0.01323446 0.1467433
