0.04533116 0.02490639 0.02288101 0.05736506 0.01497788 0.0348948 0.03080166 0.0390966 0.009013347 0.03063796 0.01357275 0.03638978 0.01149485 0.05902524 0.01129603 0.0383155 0.02554834 0.01403708 0.01708874 0.04284323 0.01495752 0.03484736 0.03984626 0.05057693 0.0206114 0.07006179 0.01622127 0.04349069 0.008093798 0.0415611 0.01826401 0.06195049
0.02203252 0.017633 0.02067906 0.02906214 0.04719646 0.06380327 0.0324178 0.03702422 0.05600197 0.03474694 0.01156177 0.01745418 0.05124153 0.01863299 0.0482673 0.06224483 0.02779678 0.02224623 0.02928808 0.04116116 0.01241151 0.0167787 0.03756558 0.04290347 0.02448435 0.01519154 0.02815547 0.0425048 0.02918841 0.0106138 0.02171141 0.02799872
0.02292894 0.01690282 0.0165257 0.03357855 0.07178845 0.0492456 0.003303354 0.01562457 0.03746065 0.06317716 0.04300192 0.03723033 0.02997562 0.03006658 0.009655475 0.009534279 0.017013 0.0125417 0.01312682 0.02667237 0.05931008 0.04068566 0.01583836 0.07491404 0.02221775 0.03747011 0.03759933 0.03255285 0.01957824 0.01963765 0.04067631 0.04016574
0.01811464 0.02122653 0.01650961 0.03340809 0.008761826 0.05107504 0.05409791 0.02620028 0.04671603 0.0228735 0.02577703 0.03430656 0.03911428 0.03058763 0.05536488 0.09586614 0.04171977 0.04888676 0.02324619 0.04703991 0.01031127 0.06010719 0.02647351 0.01282145 0.05432045 0.02659685 0.003971887 0.005286172 0.01099222 0.00859599 0.01450847 0.0251219
0.01781518 0.03188022 0.04289606 0.03735679 0.02461738 0.02469796 0.05929704 0.02134341 0.04345462 0.02682443 0.02550224 0.03427655 0.02126607 0.008216682 0.01879488 0.0517605 0.02147553 0.03843042 0.03732365 0.03250396 0.06564234 0.0658572 0.02122361 0.007639239 0.03704984 0.02287077 0.03427375 0.04606599 0.02878107 0.01112029 0.01058675 0.02915558
0.02488292 0.04543226 0.03011062 0.03000157 0.02119942 0.03882469 0.02006067 0.009754514 0.01210628 0.007061619 0.03807167 0.05264979 0.03894634 0.02083632 0.02501782 0.0250435 0.02486128 0.04539276 0.01977389 0.01970227 0.02838059 0.05197632 0.01994699 0.009699238 0.03774062 0.02201418 0.04204866 0.05814961 0.07188558 0.03845884 0.03496665 0.03500254
0.02144035 0.0288963 0.01791656 0.03182902 0.01298013 0.04719264 0.02372478 0.03622426 0.05544575 0.01505146 0.03482775 0.03475119 0.03785371 0.05213143 0.06183149 0.02790319 0.008382345 0.01129733 0.02177162 0.03867758 0.006418375 0.02333568 0.01579554 0.02411748 0.01509404 0.004097472 0.04531042 0.04521082 0.04222773 0.05815525 0.06897942 0.03112889
0.017092 0.01222366 0.05099427 0.03968187 0.03843372 0.02187998 0.04509808 0.02476612 0.01785671 0.0118935 0.02216187 0.01775501 0.01857408 0.0111158 0.04507478 0.04539854 0.05292208 0.03784819 0.03911342 0.03043664 0.03177118 0.01808706 0.04496094 0.0246908 0.04227937 0.02816025 0.02752748 0.02205368 0.03119409 0.01866833 0.05494592 0.05534058
0.02242664 0.01766364 0.005506329 0.0139367 0.03021456 0.06068376 0.02490345 0.02466492 0.01984137 0.02982997 0.0324147 0.07848217 0.0152934 0.03389361 0.04260046 0.04764432 0.02808352 0.02211911 0.01420062 0.03594223 0.009724502 0.01953096 0.03536892 0.03503014 0.01993811 0.02997542 0.01743237 0.0422071 0.03444456 0.07633687 0.03760649 0.04205907
0.03254637 0.02718731 0.04243172 0.02767429 0.03725163 0.0531208 0.04209069 0.0479679 0.05174162 0.02845059 0.01674421 0.0428361 0.04514886 0.01458038 0.02647011 0.05375743 0.02737218 0.02286509 0.01795688 0.01171162 0.01218098 0.01737006 0.02816955 0.03210293 0.03867246 0.02126439 0.02263609 0.0579091 0.04554045 0.01470684 0.0130462 0.02649518
0.03938349 0.01041523 0.04004564 0.04039177 0.01140701 0.007555617 0.04012818 0.03033266 0.01983038 0.0201403 0.02722719 0.02275482 0.02665603 0.06454765 0.02449573 0.004688288 0.07140989 0.01888484 0.0396184 0.03996084 0.07892472 0.05227707 0.03944693 0.02981771 0.01976149 0.02007033 0.03274179 0.02736359 0.002553247 0.006182694 0.07636987 0.01461658
0.05709987 0.03316743 0.03591154 0.04424456 0 0.03994245 0.03747469 0.01231099 0.01446214 0.01468488 0.08309456 0.03804568 0.05854241 0.01210083 0.0126184 0.006299598 0.06379139 0.03705431 0.0129657 0.0159743 0 0.02964707 0.05300334 0.01741237 0.02471903 0.02509974 0.04779943 0.02188545 0.04117707 0.008511379 0.06734043 0.03361897
0.04839181 0.01166467 0.05524666 0.01498539 0.04181726 0.02798119 0.04203205 0.02773754 0.01946399 0.03005867 0.04107288 0.06970475 0.06192024 0.01813895 0.02284325 0.04694071 0.03227462 0.007779683 0.01522057 0.004128508 0.04816357 0.03222769 0.04840539 0.03194339 0.01973215 0.03047279 0.01846534 0.03133752 0.03860403 0.01130869 0.01634619 0.03358987
0.01482616 0.03532101 0.01178229 0.01775888 0.04139452 0.02902692 0.01998479 0.02000644 0.02644523 0.02285208 0.04302608 0.06801872 0.01434117 0.03508887 0.03540637 0.01472046 0.01471544 0.03505724 0.02808563 0.04233213 0.02923769 0.02050223 0.01997349 0.01999513 0.05386816 0.04654902 0.02687538 0.04248653 0.03504032 0.08573393 0.03499728 0.01455038
0.008914382 0.05045293 0.02198188 0.01887762 0.004998875 0.003552718 0.05687404 0.04428493 0.03070742 0.008921865 0.03280812 0.02738045 0.06049553 0.06081529 0.01847898 0.01045497 0 0 0.04823106 0.04141991 0.06492054 0.04613926 0.03336906 0.02598279 0.0703535 0.02044081 0.02698738 0.02252267 0.0295653 0.02972158 0.05131391 0.02903222
0.04961971 0.04137588 0.0317092 0.007455137 0.045269 0.02492953 0.03988683 0.03995571 0.03841319 0.03204054 0.02849655 0.04129791 0.009662002 0.009785993 0.03262089 0.03748192 0.01047183 0.008732042 0.04876747 0.0114657 0.04535306 0.02497582 0.03998201 0.04005106 0.0215311 0.01795915 0.0411006 0.059564 0.01981344 0.02006771 0.03730312 0.04286189
0.03208516 0.04835017 0.03490213 0.01469893 0.0238987 0.036067 0.03996934 0.04029523 0.03489213 0.0551619 0.03396183 0.02550919 0.03653876 0.04379592 0.0534814 0.02639221 0.007741022 0.01166519 0.03544428 0.01492725 0.01597146 0.02410352 0.01985934 0.02002126 0.03501028 0.05534869 0.04585758 0.03444426 0.01335844 0.01601164 0.04702814 0.02320763
0.02790497 0.03154833 0.02722881 0.02258153 0.04964622 0.03035112 0.05837269 0.05224513 0.04712562 0.023079 0.02786619 0.02216201 0.01045343 0.0497199 0.009615829 0.03009923 0.05196975 0.05875508 0.03272799 0.02714213 0.03069422 0.01876485 0.04225122 0.03781598 0.03351157 0.01641174 0.02227219 0.01771309 0.008697254 0.04136696 0.009662056 0.03024393
0.04019574 0.03009438 0.02268395 0.03713559 0.05560927 0.0249208 0.002442912 0.01681635 0.01972128 0.01990204 0.06424521 0.02623297 0.02703404 0.03297548 0.03876132 0.02122866 0.04008316 0.03001009 0.0265058 0.04339229 0.05538361 0.02481968 0.0063303 0.04357607 0.01973047 0.01991132 0.0569156 0.0232401 0.02234848 0.02726015 0.05200884 0.02848402
0.02478984 0.02476424 0.01605298 0.04424755 0.01490905 0.03460533 0.02226809 0.0279599 0.02121693 0.02859713 0.04032106 0.01971384 0.07041722 0.03960442 0.040322 0.04021044 0.05550878 0.05545145 0.01321382 0.03642185 0.02411526 0.05597381 0.01760861 0.02210944 0.008220266 0.01107964 0.04056669 0.01983393 0.07088123 0.03986539 0.009588168 0.00956164
0.01565037 0.06491817 0.01295598 0.02640154 0.04723067 0.03260289 0.03439092 0.05580905 0.0308041 0.04933675 0.04010829 0.03990602 0.01455625 0.02465591 0.06960605 0.04106703 0.003766978 0.01562553 0.01656595 0.03375791 0.05378481 0.03712716 0.0150268 0.02438526 0.01921528 0.03077575 0.0301818 0.03002958 0.01482992 0.02511946 0.03132582 0.01848199
0.0228289 0.05755926 0.02516955 0.02486403 0.02805037 0.02135169 0.02423854 0.03613969 0.01841249 0.04163828 0.02007941 0.03012218 0.01577866 0.04422119 0.007294365 0.02225141 0.01694547 0.04272517 0.0251316 0.02482653 0.06287915 0.04786303 0.01582778 0.02359924 0.02142143 0.04844274 0.01993197 0.029901 0.02363706 0.06624511 0.02237326 0.06824945
0.01787549 0.01176269 0.02928509 0.01064525 0.0338523 0.02664265 0.01761013 0.02231025 0.04793893 0.04247511 0.02290998 0.04704249 0.005602365 0.02340968 0.05799716 0.02264044 0.04236091 0.02787494 0.05150624 0.01872272 0.01648006 0.01297024 0.02210113 0.0279999 0.0422629 0.037446 0.02616501 0.05372624 0.02337451 0.09767121 0.04267778 0.01666019
0.01032114 0.01869109 0.01843348 0.04168961 0.02800965 0.06236571 0.01706624 0.04322106 0.02769341 0.03206663 0.01654211 0.03313314 0.05931317 0.04135555 0.02701485 0.04308318 0.03947145 0.07148092 0.02146579 0.04854754 0.02174676 0.04842088 0.00256718 0.006501502 0.03249142 0.03762233 0.02342689 0.04692306 0.01116512 0.007784775 0.02327134 0.03711304
0.03328761 0.006431794 0.02802373 0.01175837 0.0219626 0.02812929 0.04702369 0.02326574 0.03977723 0.0199038 0.04228802 0.04815584 0.03332204 0.01654894 0.0236754 0.03644589 0.06736785 0.01301674 0.042144 0.01768304 0.01735582 0.02222901 0.05373463 0.02658609 0.06020072 0.03012334 0.03732909 0.04250881 0.04700087 0.02334234 0.01550668 0.02387097
0.04227838 0.01794752 0.04287049 0.01693953 0.02962789 0.02997452 0.06479873 0.02571647 0.01976033 0.00984165 0.02706448 0.03318391 0.04825595 0.03215458 0.03437569 0.01520987 0.02782171 0.01181055 0.05766115 0.0227838 0.03993863 0.04040588 0.03538258 0.01404217 0.04026947 0.02005625 0.02233083 0.02737995 0.04192238 0.02793431 0.05564129 0.02461905
0.01913055 0.03083606 0.02511486 0.03513434 0 0.01972096 0.04065567 0.009571198 0.0380699 0.03225563 0.01688523 0.043012 0.01536072 0.01378745 0.0281251 0.05234033 0.03080132 0.04964787 0.02493251 0.03487925 0 0.01959319 0.04045764 0.009524578 0.03216428 0.02725195 0.02251963 0.05736461 0.07450554 0.06687456 0.03127704 0.05820602
0.01280535 0.02650058 0.05595514 0.0246608 0.05647042 0.03351051 0.05315304 0.01726335 0.04392371 0.02608323 0.01842559 0.01106896 0.04091786 0.05938428 0.03211743 0.02775974 0.01630846 0.03375024 0.03477714 0.01532714 0.04412739 0.02618594 0.006947914 0.002256583 0.05675556 0.03370317 0.03120742 0.01874751 0.02838215 0.04119114 0.03772542 0.03260683
0.001538705 0.008009324 0.01048978 0.0191166 0.03095989 0.03954162 0.006417901 0.01305749 0.02124248 0.07929353 0.07418661 0.04633414 0.03587777 0.06476108 0.0163188 0.01285428 0.008016388 0.04172719 0.03924266 0.07151593 0.03956869 0.05053667 0.02315379 0.04710737 0.00836006 0.03120627 0.03676089 0.02295946 0.01403197 0.02532837 0.03383362 0.02665068
0.04030633 0.03994799 0.03485165 0.03519994 0.03375812 0.02662823 0.01627221 0.01310422 0.008114687 0.03092645 0.0536979 0.02651851 0.02650587 0.05382151 0.06660283 0.02374355 0.03015578 0.02988768 0.02479234 0.0250401 0.01655207 0.01305618 0.03348292 0.02696424 0.02094442 0.07982272 0.04672066 0.02307283 0.01305768 0.02651429 0.04418454 0.01575155
0.051765 0.03867645 0.04180459 0.04826436 0.02902299 0.0411149 0.05010051 0.02964817 0.01649723 0.01317235 0.03665991 0.01336518 0.02797797 0.02225063 0.01750556 0.0321742 0.02848869 0.02128545 0.02776649 0.03205705 0.02062098 0.02921235 0.05036647 0.02980556 0.03350664 0.02675366 0.04392362 0.01601333 0.02208819 0.01756654 0.03190516 0.05863983
0.03850477 0.02107506 0.05688716 0.01341952 0.04898353 0.03088653 0.03936667 0.03112927 0.0166689 0.02252916 0.03502174 0.0454876 0.02377346 0.03635417 0.008577477 0.03133496 0.05199269 0.0284575 0.0237121 0.00559362 0.06181866 0.03897971 0.01071795 0.00847524 0.04275684 0.05778882 0.03484564 0.04525887 0.01559004 0.02384015 0.01078237 0.0393898
0.01728126 0.01221973 0.01718079 0.0121986 0.03948009 0.05091371 0.04807864 0.04229366 0.02207828 0.02779881 0.03694922 0.04348115 0.01417464 0.02513517 0.06853659 0.02219966 0.05306871 0.03752535 0.05286171 0.03753256 0.03050135 0.03933468 0.03166991 0.02785928 0.0176702 0.02224858 0.02292608 0.02697898 0.02544649 0.04512296 0.02209605 0.007157124
0.03207699 0.02747936 0.05890898 0.01133088 0.06939858 0.0518758 0.02460473 0.0246762 0.01449171 0.0145499 0.03123769 0.008706257 0.02988925 0.030067 0.03197608 0.0587306 0.03782906 0.03240698 0.04186475 0.008052499 0.01083095 0.008096193 0.03523285 0.0353352 0.0655776 0.06584094 0.03882539 0.01082103 0.01973617 0.01985353 0.01751923 0.03217764
0.02192905 0.00709139 0.0411305 0.0497603 0.0321529 0.03788565 0.0286404 0.02135829 0.0249615 0.04497313 0.04267833 0.03728697 0.05639221 0.03349996 0.04813428 0.04212515 0.06891289 0.02228496 0.008636853 0.010449 0.02767262 0.03260655 0.01116354 0.008325097 0.01413305 0.02546351 0.03752443 0.03278413 0.0439387 0.02610191 0.03199875 0.028004
0.03173016 0.05894128 0.02139651 0.007860505 0.02314005 0.02646121 0.05411368 0.02665964 0.03032931 0.03014274 0.01241326 0.006861361 0.02236708 0.02805136 0.007721573 0.01181028 0.02787493 0.05177987 0.05868554 0.02155949 0.04695593 0.05369525 0.02622564 0.01292032 0.02971143 0.02952866 0.07804565 0.04313929 0.01743051 0.02186024 0.03185875 0.0487285
0.01637205 0.01303683 0.03364412 0.05676999 0.05185929 0.02856819 0.03418171 0.02546378 0.02791911 0.04254433 0.03732476 0.04269337 0.02524717 0.01431835 0.03280765 0.02724931 0.03355846 0.02672214 0.02595287 0.04379202 0.03857043 0.02124764 0.04599577 0.03426471 0.01170598 0.01783807 0.03271049 0.03741541 0.04498166 0.02551031 0.02716849 0.02256555
0.03781968 0.04250327 0.0290281 0.02063192 0.01100229 0.01854603 0.03201719 0.03859292 0.02060189 0.02901301 0.05688007 0.03379616 0.02311215 0.02694252 0.01337621 0.01613658 0.04249049 0.0477525 0.04088232 0.02905738 0.01865051 0.03143826 0.01795024 0.02163689 0.0290124 0.04085726 0.04370535 0.0259682 0.03705806 0.04319967 0.03641305 0.04392742
0.02768438 0.03217828 0.04120702 0.02856228 0.0351393 0.04514674 0.02474932 0.02491247 0.02538339 0.04483845 0.02663667 0.04329025 0.01984931 0.04024542 0.04722474 0.01295197 0.03231354 0.03755887 0.05927581 0.04108649 0.0350564 0.04504024 0.0349293 0.03515955 0.01438473 0.02540988 0.02292766 0.03726232 0.009833391 0.01993767 0.02340503 0.006419121
0.01804483 0.03197694 0.04168908 0.01820827 0.06397875 0.03689669 0.01621433 0.01294667 0.01100296 0.01857092 0.04519814 0.03519515 0.01462594 0.02501929 0.04013027 0.04030177 0.02167645 0.03841246 0.04864753 0.02124746 0.05723868 0.03300968 0.03325724 0.02655493 0.0186041 0.03140023 0.04504757 0.0350779 0.01458789 0.02495419 0.04005625 0.04022744
0.02490582 0.0456751 0.009771834 0.009808146 0.01785568 0.01176799 0.02865628 0.02136521 0.041743 0.01806277 0.04348411 0.03720301 0.02784738 0.03203206 0.027819 0.03200261 0.02470053 0.04529861 0.01987093 0.01994478 0.0422068 0.02781687 0.05176276 0.03859266 0.04880618 0.0211191 0.02673384 0.02287225 0.04193057 0.04823154 0.0419053 0.0482073
0.02257589 0.02710292 0.04017175 0.04025453 0.02677627 0.02287276 0.0186711 0.03152226 0.02479791 0.04520918 0.04963631 0.02065962 0.02781094 0.02148893 0.029248 0.04120164 0.02720086 0.03265531 0.04010533 0.04018797 0.04337472 0.03705145 0.01096492 0.01851198 0.02486673 0.04533465 0.02064725 0.008593798 0.06255024 0.04833127 0.0206018 0.02902174
0.03738036 0.04240089 0.01674257 0.04327934 0.05668683 0.01351692 0.04208625 0.04816541 0.0605553 0.02978066 0.02154524 0.02774711 0.01461028 0.02506875 0.04026749 0.04016658 0.04257114 0.04828884 0.002521311 0.006517557 0.02395142 0.005711195 0.02806318 0.03211678 0.03986971 0.01960764 0.04860116 0.06259116 0.01472849 0.02527157 0.01981926 0.0197696
0.03522452 0.03496138 0.02735353 0.03221162 0.05041955 0.05032121 0.05402332 0.01562627 0.009592123 0.04025381 0.04008102 0.02992606 0.03522469 0.03513528 0.02970146 0.02994414 0.02505456 0.0248674 0.03227332 0.03800518 0.01980616 0.01976753 0.04660416 0.01348028 0.009620166 0.04037149 0.04019366 0.03001016 0.01470873 0.01467139 0.04011902 0.04044681
0.0180161 0.02164312 0.05154489 0.01877843 0.0196554 0.0298818 0.05360847 0.06737684 0.01493244 0.02520174 0.02137715 0.01834776 0.02813371 0.02170922 0.02292695 0.02686598 0.03207379 0.03853092 0.02892538 0.01053787 0.0197971 0.03009721 0.02637887 0.03315381 0.01472124 0.02484529 0.04871357 0.0418103 0.06251871 0.04824221 0.03667623 0.04297749
0.02328553 0.0165835 0.01765085 0.02237767 0.03875214 0.02138399 0.03505959 0.03510068 0.01485102 0.01495996 0.02000445 0.009840333 0.02549878 0.01448919 0.02075638 0.02940595 0.04685935 0.03337231 0.02186392 0.02771898 0.05140387 0.0283654 0.05507883 0.05514338 0.0449777 0.0453076 0.06055793 0.02978888 0.04457868 0.02533098 0.02882097 0.04083119
0.03845633 0.02107703 0.01762209 0.04241837 0.05582242 0.03441448 0.04829905 0.04203164 0.04516201 0.04537688 0.02645031 0.01292938 0.01884022 0.03063636 0.02312786 0.04733557 0.05201011 0.02850554 0.01165459 0.02805392 0.0244323 0.0150625 0.03215614 0.02798348 0.0246978 0.0248153 0.05425132 0.02651901 0.03072627 0.04996444 0.006291176 0.01287609
0.01312787 0.02654385 0.05988773 0.01027146 0.03540562 0.06504893 0.01851533 0.05155275 0.02002535 0.01978332 0.03428074 0.02576701 0.01256018 0.04735183 0.03348072 0.01639732 0.0165707 0.03350506 0.05120932 0.008783005 0.02467214 0.04532887 0.01045823 0.02911913 0.03020243 0.02983739 0.04578822 0.03441656 0.01677915 0.06325731 0.04703627 0.02303621
0.0271124 0.0227656 0.04032686 0.04981872 0.02640905 0.01312917 0.05851391 0.03200308 0.02685325 0.01331107 0.01354849 0.005654499 0.03350469 0.01665153 0.03184344 0.04855425 0.03256414 0.02734328 0.04935262 0.06096891 0.05383657 0.02676467 0.03173446 0.01735656 0.03342908 0.01657069 0.05671165 0.02366876 0.02655648 0.01319834 0.02770292 0.04224087
0.05818963 0.03228237 0.04274823 0.006720337 0.04589555 0.03445985 0.01695781 0.02284825 0.06660551 0.02384351 0.02461779 0.02498247 0.02980585 0.03012683 0.01639313 0.03352289 0.03175022 0.01761435 0.07846556 0.01233537 0.03428155 0.02573968 0.01265731 0.01705394 0.04387995 0.01570819 0.03486998 0.03538653 0.0297483 0.03006866 0.02313362 0.04730678
