0.01551828 0.01523583 0.01992271 0.01041656 0.01696313 0.01345108 0.004368858 0.01408672 0.04012306 0.04611835 0.006505026 0.01061116 0.01571511 0.0248101 0.009606191 0.006547852 0.02409485 0.0236563 0.05362368 0.02803707 0.04456485 0.03533813 0.02147598 0.069246 0.03071115 0.03530008 0.03045195 0.04967396 0.0420359 0.06636382 0.1043193 0.071107
0.007497881 0.0216722 0.01643588 0.02397649 0.007865958 0.02274549 0.005870869 0.0132405 0.02279064 0.06092553 0.02259157 0.01385053 0.03647673 0.02313634 0.03586966 0.03505374 0.02100988 0.06072787 0.03291556 0.04801686 0.009987995 0.02888165 0.01202809 0.02712682 0.01500662 0.04011675 0.06972094 0.0427448 0.06801693 0.04314155 0.05591479 0.0546429
0.0112643 0.01957935 0.003470611 0.01435184 0.0070643 0.01344879 0.003762578 0.004668755 0.03873378 0.03473913 0.03210206 0.03739023 0.01158763 0.06103523 0.01057688 0.02622453 0.02949782 0.05127243 0.02397576 0.09914578 0.01314688 0.02502862 0.02691946 0.03340272 0.01249013 0.01120201 0.05117718 0.05960759 0.01594147 0.08396812 0.03828916 0.09493487
0 0 0.008583949 0.008329247 0.0217445 0.009549521 0.02552525 0.02496227 0.01763807 0.04617684 0.0161961 0.02117441 0.0236662 0.01620234 0.03450479 0.04574652 0.04108213 0.05122271 0.03091009 0.02999293 0.01877258 0.008244342 0.05615956 0.05492093 0.009813808 0.02569276 0.05338832 0.06979864 0.04760376 0.03259044 0.0644109 0.08539611
0.005732618 0.01219403 0 0 0.006097234 0.03523957 0.009546454 0.009147993 0.01773293 0.04340774 0.0209722 0.02844802 0.07172151 0.02932235 0.0222405 0.04819686 0.01323575 0.02815417 0.04161869 0.02895948 0.008463691 0.04891674 0.04222808 0.04046551 0.01977294 0.04840141 0.03877421 0.05259581 0.1076117 0.04399558 0.02425145 0.05255474
0.004231597 0.003924015 0 0 0.01520307 0.02699067 0.006499107 0.01123575 0.01124988 0.01910036 0.01632689 0.03460549 0.03404285 0.06036805 0.01984033 0.01638194 0.0161147 0.01494337 0.04170472 0.02807107 0.02389754 0.04242635 0.05304795 0.0917101 0.01805127 0.03064796 0.03238576 0.06864291 0.04644594 0.08236238 0.0709584 0.05858958
0.006598754 0.01425638 0.009933562 0.00944497 0.004048708 0.002305955 0.02404239 0.03867455 0 0.05401581 0.01100521 0.01681955 0.02776177 0.02354115 0.01683376 0.02071748 0.009050741 0.01955381 0.03058572 0.02908133 0.07909413 0.04504832 0.04534262 0.07293807 0 0.02559819 0.04906645 0.07498952 0.05364063 0.04548565 0.06299555 0.07752927
0 0 0 0 0.03081354 0.02999159 0.01724187 0.03221615 0.02424734 0.01508309 0.03303754 0.0190064 0.03331364 0.04977591 0.004877083 0.01039583 0.01862842 0.03039631 0.01937001 0.01952631 0.02945156 0.02866594 0.03266474 0.06103355 0.06883589 0.04281946 0.05018052 0.0288687 0.05532014 0.08265716 0.04201771 0.08956358
0 0 0.00627529 0.0003457626 0.01067521 0.006431967 0.03951463 0.02570451 0.01172031 0.02571681 0 0 0.008736198 0.03047351 0.06528917 0.01911664 0.02898833 0.02764436 0.1104101 0.006083495 0.1050978 0.06332297 0.005759149 0.003746362 0.03629386 0.07963633 0.04546942 0.0414159 0.0145409 0.05072141 0.1012296 0.02963997
0 0 0 0 0.04334669 0.007808607 0.01815437 0.009864015 0.01997314 0.03195663 0.00652862 0.01173537 0.01330654 0.02412591 0.0553967 0.0478034 0.006823601 0.07422858 0.02982133 0.04076859 0.04277664 0.007705916 0.03155599 0.01714566 0.03044848 0.04871695 0.02108959 0.03790912 0.04222491 0.07655741 0.1085534 0.09367384
0 0 0.01005685 0.01871435 0.009870536 0.02060584 0.01658371 0.01345292 0.02434568 0.02803024 0.01023842 0.007620549 0.01198302 0.02496501 0.04658578 0.03694709 0.02986717 0.02830099 0.02950629 0.05490698 0.01877634 0.03919769 0.04425783 0.03590251 0.03690625 0.04249177 0.0395655 0.02944896 0.05664574 0.1180137 0.06481089 0.05140138
0 0 0.002285264 0.003844708 0.03509829 0.03976489 0.007576365 0.008956794 0.02044899 0.01952792 0.003992872 0.01385038 0.03004428 0.02889571 0.06314072 0.07257282 0.01768969 0.06232988 0.02770424 0.04660938 0.03686858 0.04177055 0.04101424 0.04848712 0.0417526 0.03987197 0.01344711 0.046645 0.02851335 0.0274233 0.0604234 0.06944959
0.006203685 0.001290188 0 0 0.02204568 0.05265421 0.01262013 0.01396506 0.01618554 0.06851978 0.02305168 0.01520287 0.02294643 0.02473492 0.03051948 0.06006035 0.02595643 0.00539819 0.01956364 0.0193563 0.01680048 0.0401265 0.05887272 0.06514681 0.01102311 0.04666519 0.04916107 0.03242234 0.0478597 0.05158998 0.04719023 0.09286732
0.00393938 0.005067228 0.005399335 0.003448616 0.004905993 0.003173922 0.02286524 0.02966344 0.004492848 0.002329956 0.03336831 0.008842972 0.02164854 0.06327768 0.01753389 0.03004265 0.03565793 0.04586682 0.05627635 0.03594434 0.03537195 0.02288381 0.04767984 0.0618558 0.06859785 0.03557431 0.02782091 0.007372851 0.02478025 0.07243154 0.05966139 0.1022241
0 0 0.002862408 0.005917564 0.00486 0.004846927 0.004233934 0.004805483 0.01327773 0.03809833 0.00965108 0.02017129 0.03793162 0.02351085 0.0191749 0.03065789 0.03043063 0.01675825 0.02733541 0.05651153 0.03397799 0.03388659 0.05787996 0.06569332 0.03425262 0.09828244 0.01826852 0.0381822 0.08635889 0.05352713 0.04950431 0.0791502
0.01289948 0.005208731 0.01215577 0.01678808 0.02164897 0.05103468 0.02086488 0.007494154 0.03459262 0.06608663 0 0 0.01421856 0.02139893 0.03980406 0.05580446 0.04902426 0.0197957 0.04814119 0.06648679 0.0264525 0.06235839 0.05124167 0.01840475 0.01433068 0.02737769 0.05026043 0.02685195 0.04533819 0.06823398 0.01902673 0.02667508
0.004583014 0.004338945 0.003849692 0.005008261 0.002983876 0.002942253 0.02847015 0.03522381 0.03082529 0.05350132 0.005921503 0.00950881 0.03955064 0.03014347 0.01062178 0.07252718 0.02520397 0.02386173 0.0264818 0.03445153 0.05664483 0.05585468 0.04474371 0.05535775 0.02842852 0.04934141 0.04401479 0.07067939 0.06344302 0.04835302 0.004233415 0.02890642
0.004859889 0.003212483 0.01881505 0.01190782 0.01290146 0.01577354 0.03461966 0.02777325 0.008911685 0.04366036 0.0135494 0.004478321 0.02384166 0.03464309 0.0241309 0.05692142 0.03700881 0.02446355 0.04391042 0.02779039 0.02647409 0.03236766 0.03779848 0.03032343 0.008177535 0.04006359 0.03697108 0.01221961 0.06670907 0.09693152 0.04132079 0.09746997
0.003770787 0.0058006 0.003708592 0.0045461 0.003430187 0.01536051 0.01790356 0.02414282 0.02689372 0.01324852 0.01801405 0.03084146 0.01297827 0.04582252 0.05528933 0.05824897 0.01571862 0.02417995 0.03726894 0.04568536 0.01525062 0.06829288 0.01061978 0.01432069 0.04658231 0.02294761 0.04085185 0.06994154 0.0242176 0.0855053 0.06750179 0.07111516
0 0 0.01365885 0.01626603 0.009624054 0.00926343 0.007576002 0.01189584 0.01652659 0.02507063 0.01587535 0.02456875 0.03285553 0.05054338 0.01840726 0.01786829 0.008372043 0.01865489 0.03816579 0.04545081 0.06275398 0.06040251 0.03031506 0.0476007 0.02376151 0.03604592 0.02260274 0.03498009 0.04574839 0.07037714 0.09375683 0.09101159
0.01445778 0.02648458 0.004214577 0.03472838 0.01475797 0.03586342 0.02557784 0.02470492 0.0224349 0.008847593 0.006706418 0.01048366 0.0185928 0.02047399 0.03586182 0.02580934 0.02481542 0.04545829 0.01097611 0.09044381 0.02325965 0.05652339 0.03445487 0.03327899 0.01866635 0.007361401 0.04444423 0.06947649 0.0533046 0.05869787 0.05747467 0.04136387
0.0049417 0.003049575 0 0 0.0147185 0.006258221 0.02017422 0.009147264 0.02409027 0.0287352 0.02207806 0.01656503 0.01418041 0.02721774 0.02468043 0.03416338 0.02557063 0.0157799 0.0278485 0.05147286 0.02636471 0.01121012 0.1055885 0.04787528 0.03628652 0.04328305 0.06873059 0.05156813 0.0233999 0.04491355 0.07134704 0.09876069
0.0007482397 0.006438803 0.02860175 0.01236077 0.01900786 0.03057289 0.02570314 0.0370297 0.01326621 0.02658004 0.01565123 0.02445158 0.03240529 0.03811943 0.007867674 0.04119539 0.006322426 0.05440617 0.05729682 0.02476187 0.03086748 0.04964831 0.01484584 0.02138793 0.02697342 0.05404365 0.02267398 0.03542306 0.06000907 0.0705907 0.01775957 0.0929897
0 0 0.003228146 0.004182513 0.0105076 0.01956306 0.01407774 0.004904094 0.006373476 0.02395127 0.00942897 0.02158243 0.01892716 0.008015859 0.05449422 0.04076345 0.07315139 0.03786274 0.03598881 0.04662851 0.05685103 0.1058453 0.08692723 0.03028179 0.01044854 0.03926521 0.008485381 0.01942261 0.06268818 0.02654914 0.06842213 0.05118197
0.002527048 0.006789655 0.00502693 0.003552566 0.008287193 0.009894932 0.0381277 0.02573082 0.001990721 0.005821034 0.008754969 0.03264179 0.0342405 0.02951735 0.001663599 0.005433197 0.01618551 0.04348713 0.04699084 0.03320875 0.04030112 0.04811965 0.07867537 0.05309479 0.02588039 0.07567641 0.02780371 0.1036626 0.0705033 0.06077805 0.0130411 0.04259132
0.008206324 0.01073239 0.02572777 0.01543848 0.00357974 0.002847368 0.028622 0.0351512 0.03158682 0.02150154 0.009633648 0.008091311 0.01376844 0.0270787 0.01672661 0.01130766 0.0303705 0.03971911 0.05655354 0.03393611 0.05753075 0.04576065 0.02954246 0.03628163 0.04048356 0.02755766 0.04916636 0.04129488 0.03346334 0.06581312 0.08503813 0.0574882
0.00358761 0.004905222 0.01694829 0.02471149 0.02470149 0.01654087 0.01891216 0.01004023 0.01345711 0.01839947 0.002697092 0.003932501 0.01562687 0.02343012 0.04316023 0.02894924 0.02596904 0.03550662 0.0325346 0.04743713 0.04779779 0.03200685 0.05121252 0.02718808 0.0156059 0.02133744 0.04595936 0.06701113 0.0524647 0.07866287 0.08936523 0.05994074
0 0 0.006566943 0.02285288 0.01204921 0.00735807 0.0055481 0.01424585 0.01511757 0.00386527 0.01387016 0.01569616 0.04554398 0.05968049 0.01804489 0.01956045 0.03971389 0.05182936 0.01129117 0.03929313 0.04891771 0.02987249 0.02255269 0.05790852 0.04620704 0.01181425 0.04779501 0.05408719 0.06407167 0.08395903 0.06270999 0.06797689
0.004513223 0.004097284 0.0256423 0.0147685 0 0 0.01358862 0.02432692 0.03745982 0.08014496 0.005369342 0.008490721 0.02568574 0.02206895 0.08703554 0.03680807 0.01395528 0.01266917 0.07987635 0.04600421 0.02938113 0.01786479 0.03344234 0.05986988 0.02191178 0.04688006 0.0186791 0.0295379 0.05559827 0.04776952 0.06786115 0.02869906
0 0 0.008734304 0.02040115 0.02085631 0.009609929 0.008511242 0.01109759 0.01592043 0.03652726 0.02332125 0.005635768 0.02741729 0.02251021 0.01834962 0.02110765 0.05145246 0.02831206 0.01848082 0.04316657 0.06163093 0.02839759 0.03010105 0.03924799 0.02028293 0.04653643 0.08152692 0.01970164 0.08267123 0.06787494 0.06074322 0.06987321
0.01380588 0.005717669 0.007431525 0.04474624 0.007114765 0.02191568 0.01722368 0.03308667 0.003418273 0.01221199 0 0 0.03588179 0.02573609 0.04163749 0.04007227 0.02829679 0.01171904 0.008410501 0.05064079 0.01989861 0.06129389 0.03036574 0.05833255 0.01404346 0.05017111 0.08429108 0.03509566 0.05751939 0.04125558 0.07066104 0.06800479
0 0 0 0 0.002596 0.00486819 0.02314423 0.02621264 0.05321775 0.02158439 0.006072954 0.0207643 0.04292665 0.03102501 0.02419592 0.02339198 0.03903901 0.02933015 0.03908124 0.09289169 0.02464497 0.04621586 0.0478182 0.05415782 0.04084249 0.01656515 0.02050417 0.07010669 0.03897524 0.02816915 0.06694119 0.06471698
0.002911985 0.006096971 0.01489109 0.01447068 0.01202109 0.02981886 0.01434829 0.01405156 0.008522101 0.01109086 0.008980716 0.02003227 0.03159937 0.05277957 0.03453889 0.0338457 0.01607474 0.0336565 0.06830267 0.06637432 0.01671194 0.04145474 0.04487128 0.0439433 0.02202504 0.02866391 0.01792434 0.03998181 0.02867584 0.04789648 0.08760061 0.08584248
0 0 0.007102095 0.01097923 0.004636852 0.01446574 0.0188933 0.0113754 0.009829111 0.03143882 0.02838498 0.0314015 0.007491243 0.02980277 0.05757676 0.05662219 0.02058692 0.02906881 0.03235309 0.05001511 0.02524875 0.07876937 0.04151169 0.02499362 0.008981195 0.02872672 0.05276261 0.0583698 0.02027855 0.08067514 0.06436284 0.06329576
0 0 0.01172534 0.008422792 0.005925385 0.01353175 0 0 0.01510671 0.01475516 0.0299945 0.02238304 0.01548257 0.01262722 0.01262857 0.02741698 0.008124755 0.03091458 0.02980041 0.02140686 0.01198129 0.02736157 0.04119518 0.03961008 0.05575606 0.05445853 0.0613612 0.04579007 0.1178548 0.09611961 0.05306322 0.1152018
0.02007556 0.01075119 0.01016007 0.01966869 0.004325301 0.01545619 0.006745481 0.01218594 0.01988991 0.03126218 0.01304744 0.002941078 0.0340538 0.0273798 0.04200202 0.05005534 0.03186184 0.01706316 0.02784909 0.05391251 0.01336303 0.04775193 0.02096181 0.03786821 0.03900722 0.06131 0.09074488 0.02045518 0.03683387 0.02961502 0.06907868 0.08232357
0 0 0.005702295 0.01078072 0.002397819 0.003502326 0.04651323 0.03959835 0.02925149 0.04417066 0.02433237 0.01376384 0.01411779 0.0468727 0.02456313 0.02443328 0.02986482 0.02755022 0.03290048 0.06220146 0.03765067 0.0549937 0.03583571 0.0305082 0.03150712 0.04757673 0.05773782 0.03265996 0.02327344 0.0772705 0.04435181 0.04411735
0.02079041 0.02109501 0.02617046 0.02589942 0.004722726 0.003659132 0.01436956 0.003861703 0.01946769 0.02899695 0 0 0.02154836 0.006286647 0.03499289 0.04813905 0.01879555 0.01907092 0.03522415 0.03485934 0.03378089 0.02617317 0.08002223 0.02150533 0.02924474 0.04355978 0.02570478 0.0711208 0.1028128 0.02999523 0.06235277 0.08577753
0.01344743 0.01369407 0 0 0.02105069 0.008131503 0.04352397 0.01906813 0.01931154 0.0196396 0.02055038 0.0159459 0.03179432 0.02777775 0.03867227 0.08739245 0.01579243 0.01608207 0.03887016 0.05085594 0.05186465 0.02003439 0.04004194 0.01754263 0.05053195 0.05139038 0.08102076 0.06286739 0.03707014 0.03238708 0.01645737 0.03719072
0.00271599 0.006390516 0.009885266 0.02164111 0.009882436 0.009860936 0.01966154 0.01949379 0.03441487 0.03875562 0.02290077 0.02667729 0.02089975 0.01786173 0.03464873 0.03430965 0.005541382 0.01303845 0.009014858 0.01973559 0.01885871 0.01881768 0.07304248 0.07241928 0.04762347 0.05363023 0.03604522 0.04198936 0.06023181 0.05147642 0.07463272 0.07390234
0.003644313 0.004728897 0.004966213 0.01499732 0.005778566 0.02269938 0.008980834 0.03207816 0.01981924 0.04148227 0.04204616 0.01857487 0.02771676 0.02900698 0.05394034 0.02953971 0.02663977 0.03456803 0.01229096 0.03711712 0.02053836 0.08067885 0.01756253 0.06273068 0.01864858 0.03903205 0.06342481 0.02801939 0.07574598 0.07927196 0.02825657 0.01547434
0.005595747 0.003334042 0.01734126 0.01381195 0.02624665 0.04377562 0 0 0.01074644 0.008516828 0.01270032 0.00580355 0.0027286 0.02444322 0.04493387 0.05002191 0.02478159 0.0147653 0.03337032 0.02657875 0.03535046 0.05895946 0.05931019 0.03677867 0.05116983 0.04055338 0.06927482 0.03165587 0.0109491 0.09808374 0.0655008 0.07291772
0.004128125 0.004057692 0 0 0 0 0.01527404 0.01455593 0.004325871 0.004249446 0.001955353 0.01653005 0.01907945 0.03152434 0.04116255 0.05315716 0.03694342 0.03631309 0.05222339 0.04801849 0.05209423 0.01627979 0.04614055 0.04397126 0.03519682 0.034575 0.01285028 0.108633 0.04947946 0.08175327 0.05914647 0.07638153
0.01526403 0.02375174 0 0 0.02018337 0.03159194 0.01883268 0.009670974 0.0239473 0.0278195 0.007176134 0.02216013 0.02176792 0.01763437 0.02993033 0.02026958 0.02401712 0.03737206 0.02930649 0.03930962 0.03878125 0.0607022 0.07348199 0.03773454 0.03651218 0.04241607 0.01980112 0.06114651 0.04874788 0.03949106 0.07225021 0.0489297
0.0145338 0.003646107 0.02300087 0.01597885 0.01115403 0.05151091 0.003009595 0.05801847 0.01596417 0.03550637 0.01335852 0.01291216 0.04232209 0.01842339 0.02025668 0.050404 0.04851968 0.01217218 0.06084649 0.04227045 0.004781723 0.02208269 0.0023905 0.04608366 0.02142229 0.04764594 0.05706444 0.0551577 0.06292328 0.02739137 0.02845185 0.07079576
0.004141262 0.003798543 0.01376073 0.0175121 0.02101047 0.02033655 0.02179201 0.006100977 0.02531499 0.05864665 0.001811549 0.004365982 0.04450536 0.05056372 0.02141214 0.02492698 0.02552391 0.02341163 0.02689194 0.03422305 0.02892191 0.02799423 0.1051441 0.02943657 0.03370681 0.07808778 0.01431141 0.03449167 0.02529634 0.02873984 0.06645504 0.07736373
0.01579076 0.02443316 0.02390708 0.01624019 0.03728834 0.02376808 0.03027378 0.03014071 0.008526711 0.01016342 0.008103055 0.01153922 0.01223138 0.02641743 0.02563629 0.02554038 0.02309447 0.03573425 0.04874203 0.0331107 0.03426734 0.02184245 0.05079497 0.0505717 0.04223316 0.05033986 0.0198188 0.02822313 0.045531 0.09833819 0.04376083 0.04359713
0.004140113 0.014545 0.05256465 0.03325417 0.01809829 0.01139605 0.0169897 0.01153834 0.011102 0.01020526 0.003066352 0.002764562 0.02095034 0.01876446 0.02187833 0.02874238 0.01404681 0.04934908 0.007927243 0.005015042 0.04304734 0.02710585 0.05418396 0.03679836 0.007336375 0.006743792 0.09883336 0.0891062 0.08079979 0.07236945 0.05503535 0.072302
0 0 0.004316196 0.002646065 0.01426688 0.006100206 0.004216732 0.01578024 0.01472326 0.04806145 0.02463705 0.0243628 0.02339916 0.0388873 0.02836074 0.03024192 0.01851916 0.07269069 0.05760661 0.03531601 0.0498365 0.021309 0.01210294 0.04529276 0.013231 0.04319023 0.05565953 0.05503995 0.02471352 0.04107164 0.08441073 0.09000972
0 0 0.01236184 0.006610241 0.00211279 0.01612566 0 0 0.0356168 0.02477589 0.00943173 0.0299071 0.02966152 0.0523917 0.03648785 0.04451688 0.04077041 0.01772876 0.04086598 0.02185225 0.004573608 0.03490761 0.05106206 0.0610288 0.07825268 0.05443441 0.01615763 0.05123428 0.03927535 0.06937281 0.05336976 0.0651136
