0.03441889 0.03686308 0.03866713 0.05303317 0.03990624 0.01859922 0.04070661 0.0185846 0.0298599 0.0173513 0.0526277 0.0193395 0.02664685 0.04555605 0.02136858 0.02647119 0.002129592 0.002280821 0.03028332 0.04153452 0.0638797 0.0297726 0.04074045 0.01860005 0.07389412 0.04293915 0.01811936 0.006658459 0.009559453 0.01634305 0.03719212 0.04607324
0.05126725 0.01911341 0.04947012 0.03396239 0.04105565 0.008089123 0.03469153 0.02404 0.03355647 0.02948155 0.001201359 0.004810333 0.03366279 0.02721722 0.02249861 0.0158822 0.05127693 0.01911702 0.02189383 0.01503062 0.03910284 0.007704366 0.06744673 0.04673818 0.02516086 0.02210546 0.01449866 0.05805373 0.05644879 0.04564027 0.04676758 0.03301413
0.03523139 0.03438004 0.01628397 0.02179488 0.03876903 0.02157302 0.02682339 0.02383901 0.03492612 0.03407621 0.01254317 0.05977031 0.007386208 0.04132906 0.01802862 0.05324557 0.05672097 0.05535034 0.03486669 0.04666645 0.04572083 0.02544135 0.01405097 0.01248765 0.03569706 0.03482839 0.004659709 0.0222043 0.007364178 0.04120579 0.02092768 0.06180764
0.04142543 0.02855231 0.0243116 0.02431498 0.03560237 0.03544665 0.01808284 0.04116382 0.07445592 0.05863462 0.04391252 0.03533251 0.02024333 0.03813463 0.05554513 0.05484134 0.02962801 0.02042098 0.02568998 0.02569355 0.02586912 0.02575596 0.008558899 0.0194835 0.02755297 0.02169818 0.01572441 0.01265203 0.005749168 0.01083035 0.04764831 0.04704458
0.03590066 0.04618133 0.03411227 0.04555339 0.02862823 0.04136069 0.05285415 0.01698823 0.04322465 0.007063552 0.006691258 0.008701704 0.02748622 0.05361476 0.05157064 0.04006826 0.01173911 0.01510078 0.03564901 0.04760555 0.0204556 0.02955326 0.02899746 0.009320277 0.05199794 0.008497238 0.03129009 0.04069146 0.02006232 0.03913365 0.03934039 0.03056586
0.01468971 0.0243889 0.03967034 0.02102167 0.02094347 0.0160308 0.009755862 0.06346767 0.03178517 0.01861872 0.007990005 0.04279698 0.02571869 0.01366577 0.01300884 0.0264474 0.02180534 0.03620276 0.06665702 0.03532216 0.07072416 0.05413453 0.006020259 0.03916535 0.05153336 0.03018657 0.007446344 0.03988495 0.04543168 0.02414037 0.02681974 0.0545254
0.03598977 0.02524622 0.01025343 0.02585077 0.03409176 0.03475133 0.04235136 0.05129694 0.02743303 0 0.03259148 0.02654222 0.06073693 0.06175096 0.04197761 0.04913618 0.0291504 0.02044852 0.02692511 0.06788315 0.02465244 0.02512939 0.007226501 0.008752904 0.0396268 0 0.0397153 0.0323438 0.04016097 0.04083148 0.0171171 0.02003613
0.03781058 0.02120983 0.02668744 0.03176811 0.03689265 0.01242933 0.0300326 0.01029577 0.06419738 0.01531935 0.04723925 0.0216844 0.04533671 0.056538 0.03085344 0.05170515 0.0510245 0.02862218 0.05227098 0.06222216 0.04520413 0.01522951 0.02107522 0.007225002 0.04872566 0.01162735 0.03398881 0.015602 0.02217681 0.02765602 0.006483839 0.01086582
0.0263027 0.02550273 0.03639672 0.02274023 0.04778862 0.07772263 0.01914577 0.03440059 0.0163807 0.02226907 0.06758405 0.05818225 0.01248188 0.01191764 0.05112032 0.05006409 0.003887568 0.003769332 0.0245089 0.01531287 0.02239109 0.0364165 0.03708337 0.06663038 0.01293935 0.01759066 0.01431192 0.01232095 0.03715967 0.03547987 0.04051737 0.03968021
0.01511951 0.02202203 0.0303875 0.04024285 0.03827315 0.02235604 0.03018842 0.05149472 0.04957042 0.05677874 0.01588024 0.009588182 0.002355648 0.004023519 0.03618745 0.03553159 0.0330226 0.04809844 0.03905687 0.05172389 0.0453656 0.02649887 0.01705592 0.0290936 0.02192869 0.02511747 0.04455882 0.02690375 0.0145749 0.02489438 0.04647425 0.04563195
0.05193596 0.05122582 0.01887808 0.01788548 0.02896611 0.06327895 0.03334629 0.02633596 0.0303102 0.02986241 0.007702727 0.01899075 0.04566269 0.02715858 0.0173921 0.02106791 0.02918872 0.02878961 0.03146484 0.02981044 0.01859194 0.04061569 0.02776115 0.02192497 0.03986177 0.03927288 0.03024718 0.07457314 0.01585103 0.009427641 0.03283922 0.03977977
0.03125827 0.007836015 0.01764118 0.03314187 0.02581942 0.02210852 0.03693592 0.04484302 0.06337871 0.0191229 0.03678761 0.02163288 0.02878239 0.05184349 0.04686512 0.04200268 0.04112501 0.01030947 0.009771995 0.0183583 0.04497023 0.03850687 0.0213967 0.02597722 0.02890995 0.008722835 0.04534057 0.02666243 0.0168876 0.03041832 0.05412932 0.04851318
0.01273158 0.01315905 0.0182702 0.05088702 0.09321985 0.02324817 0.02321352 0.05577061 0.02611434 0.01187693 0.04529333 0.06837253 0.01684953 0.02291699 0.02179115 0.006285196 0.04663751 0.04820337 0.01793131 0.04994312 0.0114127 0.002846221 0.02425442 0.05827136 0.03428808 0.01559439 0.03614084 0.05455639 0.02156745 0.02933383 0.03028418 0.00873483
0.04080825 0.06143251 0.02184624 0.03680112 0.04488743 0.0313525 0.03823294 0.04483901 0.01643208 0.01145355 0.02591676 0.02534189 0.04917099 0.04346457 0.009190271 0.008829883 0.02729836 0.04109479 0.02651145 0.04465991 0.06584149 0.04598827 0.0222782 0.02612753 0.02314047 0.01612946 0.02585331 0.02527985 0.04326302 0.03824224 0.009328732 0.008962914
0.02086213 0.0382133 0.04193884 0.0359639 0.0937179 0.03147873 0.03655536 0.06342774 0.005127742 0.01096483 0.02088603 0.03973409 0.01297951 0.03579083 0.05705229 0.03530678 0.01773147 0.03247886 0.0504183 0.0432353 0.01226291 0.004118966 0.01008963 0.01750666 0.02358964 0.05044255 0.0166802 0.03173282 0.0133708 0.03686982 0.03673724 0.02273482
0.02759017 0.01030143 0.02105472 0.0161621 0.05906257 0.03484921 0.02913137 0.03054317 0.07700578 0.07085799 0.02655561 0.00766334 0.01261568 0.03596818 0.03668292 0.02395577 0.04260548 0.01590774 0.0593032 0.04552253 0.0232725 0.01373168 0.02975994 0.0312022 0.02392604 0.02201589 0.06482187 0.01870611 0.01305862 0.03723104 0.02355353 0.01538163
0.02749549 0.0210713 0.02765717 0.04284157 0.05710349 0.04766804 0.02421761 0.02276638 0.02105337 0.0518959 0.00958454 0.005678221 0.01925872 0.03024269 0.01898601 0.05247949 0.03372148 0.02584262 0.03192838 0.04945778 0.02568719 0.02144279 0.03664739 0.03445131 0.01700292 0.04191166 0.052032 0.0308256 0.01890893 0.02969341 0.01871531 0.05173123
0.02021823 0.06381924 0.02927752 0.009057861 0.0120989 0.005226131 0.02560449 0.02522394 0.03308502 0.01588513 0.05615478 0.04703961 0.01618784 0.02381221 0.003512543 0.01379655 0.01691101 0.05337993 0.01941008 0.006005077 0.04987986 0.02154565 0.04651673 0.04582535 0.03802749 0.01825816 0.07807182 0.06539903 0.03304954 0.04861565 0.01199413 0.04711048
0.03138174 0.04942117 0.01728182 0.02054915 0.04296607 0.0492551 0.04009454 0.06058198 0.02298766 0.05809286 0.007482198 0.03124772 0.0254552 0.03528101 0.0221271 0.01579468 0.0187764 0.0295698 0.02339331 0.02781608 0.006621009 0.007590139 0.04169757 0.06300412 0.02613181 0.06603855 0.009626559 0.04020317 0.02532748 0.03510399 0.02864953 0.02045049
0.01071772 0.01691474 0.02780641 0.01273713 0.04634302 0.0327273 0.04248576 0.0597837 0.02433533 0.03816325 0.003246516 0.01517142 0.03883094 0.0319677 0.05378733 0.02498173 0.02799281 0.04417833 0.0344799 0.01579401 0.06639722 0.04688952 0.02274577 0.03200665 0.01539582 0.0241441 0.003335455 0.01558705 0.01919766 0.01580454 0.09290233 0.04314884
0.05478549 0.0364943 0.07575353 0.02649896 0.007028204 0.0304904 0.03640644 0.04521635 0.03764694 0.04285239 0.02479672 0.04523373 0.006288484 0.009556353 0.04761965 0.01333206 0.01645463 0.01096094 0.02858857 0.01000042 0.009662669 0.04191949 0.02218549 0.02755411 0.04298854 0.04893257 0.02054127 0.03747101 0.03331347 0.05062513 0.04593991 0.01286178
0.03194895 0.04996457 0.01031286 0.01788322 0.0236824 0.06879523 0.008233998 0.0181735 0.0507173 0.03067273 0.01542179 0.02355392 0.02438695 0.02282619 0.0541702 0.01925619 0.02662363 0.04163637 0.01841438 0.03193181 0.02270097 0.06594428 0.02923294 0.06452089 0.04303899 0.02602905 0.02447279 0.03737764 0.03669029 0.03434212 0.01995156 0.007092297
0.01673052 0.02065479 0.0201834 0.02038463 0.04150366 0.04149847 0.01836557 0.01875792 0.06143341 0.06126824 0.01854078 0.01880562 0.04483265 0.04482305 0.06238796 0.03982934 0.03196715 0.03946526 0.01988956 0.02008785 0.01827557 0.01827329 0.04153751 0.04242487 0.04040252 0.0402939 0.01980474 0.02008764 0.02429136 0.02428616 0.02985364 0.01905898
0.03165962 0.0498765 0.03130493 0.01716349 0.01170016 0.04744555 0.01949495 0.03972848 0.06968007 0.03503001 0.03984333 0.01871544 0.02744679 0.03122026 0.04540246 0.01428795 0.02714854 0.04276976 0.03881301 0.02127993 0.01382266 0.05605256 0.02690683 0.05483302 0.002734484 0.001374697 0.04259717 0.020009 0.03370241 0.03833593 0.03774258 0.01187742
0.03735225 0.04476145 0.03621768 0.05543589 0.0157425 0.01242561 0.01618486 0.02285871 0.03653088 0.03635785 0.0173896 0.02139928 0.02513016 0.0148766 0.006847931 0.01048876 0.02060858 0.02469649 0.04440802 0.06797227 0.03330616 0.02628867 0.03388431 0.04785655 0.03481291 0.03464801 0.02125405 0.02615479 0.05807972 0.03438215 0.0322504 0.04939691
0.05311148 0.008583249 0.02499951 0.01434598 0.03066968 0.02701332 0.02547459 0.03643377 0.02157252 0.01827998 0.001038863 0.02742021 0.02117139 0.03826757 0.02970825 0.02190963 0.04096102 0.006619636 0.03837063 0.02201901 0.07094415 0.06248638 0.02385301 0.03411458 0.03748623 0.03176483 0.003410429 0.09001641 0.03599931 0.06506925 0.02122893 0.01565619
0.03097537 0.05101569 0.02228981 0.01342971 0.04132244 0.07128678 0.031028 0.04763114 0.03027197 0.02850875 0.05853438 0.06707014 0.02686013 0.03059063 0.02332047 0.03586458 0.0187926 0.03095096 0.03842574 0.02315168 0.01754659 0.03027024 0.02835517 0.04352807 0.009492459 0.00893956 0.01311904 0.01503211 0.03421212 0.03896372 0.01545369 0.02376625
0.04051214 0.03162423 0.01425785 0.01152067 0.002006722 0.024573 0.03611835 0.06955546 0.03197646 0.04664762 0.07261569 0.02784201 0.02505397 0.03441191 0.03146264 0.03982127 0.02147117 0.01676063 0.03416971 0.02760991 0.003910726 0.04788819 0.01299531 0.02502592 0.03714989 0.05419468 0.07347561 0.02817172 0.02604523 0.03577341 0.006778521 0.00857936
0.03243314 0.01690789 0.04297367 0.005838696 0.01125671 0.01548838 0.03485252 0.04895426 0.0482241 0.08907478 0.02139356 0.03362951 0.06066302 0.02177425 0.0155343 0.01100121 0.03920774 0.02043959 0.06228427 0.008462367 0.02568497 0.03534058 0.02490016 0.03497506 0.008143875 0.01504256 0.04508036 0.07086389 0.04438644 0.01593197 0.02298117 0.016275
0.03500113 0.0008362689 0.04274042 0.02750751 0.06261262 0.060895 0.01357302 0.05696036 0.02398373 0.05605883 0.02887248 0.06175864 0.02815899 0.06165495 0.02392141 0.03546464 0.07169505 0.001712983 0.03040916 0.01957117 0.01947396 0.01893975 0.003477591 0.01459402 0.01156802 0.02703873 0.01951119 0.0417347 0.01892755 0.04144244 0.01607368 0.02383001
0.03044102 0.02602421 0.05284893 0.04076514 0.02075419 0.02781712 0.05675049 0.03724626 0.02032876 0.0272305 0.01163672 0.02524743 0.04607123 0.0146623 0.01752481 0.05465088 0.05105377 0.04364618 0.008358 0.006446962 0.01721817 0.02307775 0.01663439 0.01091741 0.04799788 0.06429347 0.03586567 0.07781536 0.03746129 0.01192216 0.009054673 0.02823687
0.003466622 0.0001769555 0.07326682 0.05533237 0.04243425 0.02755745 0.02492679 0.01288084 0.01655469 0.04562073 0.02183316 0.02731375 0.01655451 0.05430777 0.01511568 0.02265761 0.06992027 0.003569115 0.01970333 0.0148803 0.06171581 0.04007919 0.04621065 0.02387922 0.01020385 0.02811935 0.02667175 0.03336693 0.01862368 0.06109576 0.03279813 0.04916266
0.01024767 0.02999104 0.01801702 0.02125978 0.04338386 0.02874333 0.01699213 0.03196517 0.03355287 0.03772922 0.01365277 0.03578731 0.04015326 0.05285279 0.02608497 0.01958681 0.00702498 0.02055944 0.03352999 0.03956482 0.02912972 0.01929946 0.02092605 0.03936554 0.03820149 0.04295645 0.01323443 0.03469073 0.02856931 0.03760511 0.07729948 0.058043
0.04412644 0.03750834 0.04366275 0.02681013 0.02142684 0.02652619 0.03229069 0.01825387 0.01967292 0.01616909 0.06398954 0.03025386 0.04232972 0.04788206 0.02637231 0.03272523 0.0264741 0.0225035 0.03778974 0.02320394 0.02730598 0.0338045 0.01808791 0.01022506 0.03965697 0.0325939 0.01737159 0.008213179 0.04787018 0.05414925 0.03157232 0.03917788
0.03731825 0.04306501 0.03541947 0.02402093 0.02246773 0.05748325 0.05435139 0.03658975 0.0147054 0.0117561 0.01813867 0.03350192 0.0358191 0.03479008 0.0299639 0.03060903 0.03252942 0.03753874 0.036062 0.02445669 0.01326691 0.03394314 0.04870126 0.03278604 0.04664765 0.03729205 0.009676078 0.0178716 0.03620869 0.03516847 0.01872406 0.0191272
0.01189492 0.01449172 0.02206232 0.02785473 0.01771588 0.05437491 0.04812527 0.02250656 0.04024496 0.03969323 0.03746164 0.03194273 0.02433665 0.02318877 0.0721472 0.0419585 0.03751522 0.04570523 0.02650811 0.03346774 0.009518713 0.02921554 0.03341572 0.01562741 0.04117274 0.0406083 0.03204895 0.02732745 0.02576934 0.02455388 0.03006236 0.0174833
0.03980295 0.07430585 0.02908977 0.03864298 0.01673377 0.03336557 0.009849844 0.01715664 0.03110395 0.02876707 0.008651382 0.02963604 0.02695008 0.07812006 0.01244228 0.02538177 0.01923698 0.03591241 0.0538786 0.07157256 0.01224716 0.02441969 0.03055827 0.05322696 0.03143741 0.02907548 0.008786761 0.0300998 0.01244559 0.03607598 0.0167852 0.03424115
0.02584082 0.0220518 0.03310439 0.01878126 0.03210473 0.008202738 0.01713559 0.02090499 0.03694005 0.053155 0.02109805 0.01687877 0.03535133 0.06973045 0.04695159 0.03176845 0.0558983 0.04770197 0.01717323 0.009742969 0.0301505 0.007703433 0.04211907 0.05138421 0.04185422 0.06022626 0.02752916 0.02202375 0.001038989 0.002049404 0.05570997 0.03769455
0.01543238 0.04485221 0.05749612 0.07549575 0.03536588 0.04531656 0.003438547 0.03418151 0.01399981 0.01320436 0.01961072 0.04735907 0.05300076 0.04109042 0.01271432 0.04744159 0.001682361 0.004889564 0.02555015 0.03354883 0.03661905 0.04692233 0.003583756 0.035625 0.03701057 0.03490769 0.03952037 0.09544003 0.008847085 0.006858966 0.006128107 0.02286612
0.01958691 0.05015482 0.01391605 0.05774424 0.03879161 0.02992282 0.03059455 0.03811006 0.04153029 0.02763965 0.04034099 0.06414301 0.0307558 0.005696028 0.01799004 0.05308314 0.01712221 0.04384365 0.003078603 0.01277457 0.05202475 0.04013052 0.04105924 0.05114539 0.0304195 0.02024509 0.01060239 0.01685803 0.05242683 0.00970954 0.009760224 0.02879945
0.06301063 0.02405069 0.08046317 0.06459352 0.01847921 0.04984847 0.04097814 0.02847092 0.03563995 0.02379392 0.03604685 0.02337357 0.04623117 0.02458758 0.02583875 0.03459348 0.06000342 0.02290286 0.01998498 0.01604337 0.01651273 0.04454381 0.02956963 0.02054448 0.02401381 0.01603209 0.02429425 0.01575292 0.02634066 0.01400901 0.01259266 0.01685933
0.03189114 0.01840944 0.02058271 0.01764547 0.02004602 0.03068879 0.01901153 0.01026176 0.03952252 0.0321484 0.02992203 0.02995393 0.03492816 0.06865361 0.008992125 0.01734239 0.05046832 0.02913327 0.06151908 0.05274005 0.0187186 0.02865662 0.03262005 0.01760717 0.02016287 0.01640088 0.0297341 0.0297658 0.03377816 0.06639321 0.02810259 0.05419922
0.007302334 0.03036833 0.03110225 0.0177286 0.03556931 0.01321829 0.06275606 0.05303378 0.01642933 0.01079099 0.01828955 0.03156064 0.03381423 0.02801572 0.02213473 0.03788587 0.01803072 0.07498462 0.05125947 0.02921841 0.03647469 0.01355475 0.0191853 0.01621308 0.05607406 0.03683015 0.02936242 0.05066812 0.02654744 0.02199504 0.02566811 0.04393361
0.03462097 0.03465108 0.0493619 0.0423894 0.05209428 0.009555199 0.01239357 0.003123071 0.04707497 0.05625125 0.009989518 0.04816727 0.0207027 0.03671305 0.04399757 0.05891419 0.03513242 0.03516298 0.04375453 0.03757408 0.03231555 0.005927359 0.04947607 0.01246754 0.01246942 0.01490007 0.004895431 0.0236047 0.026116 0.0463127 0.02560509 0.03428606
0.02148901 0.02618754 0.06367367 0.008202916 0.005384667 0.009794468 0.04655146 0.04847416 0.06234798 0.04194724 0.0263271 0.01107772 0.01901543 0.02987451 0.02257525 0.01707687 0.03622371 0.04414395 0.06182963 0.007965354 0.02137751 0.03888473 0.03420228 0.03561493 0.04088187 0.02750501 0.0423694 0.01782789 0.04081666 0.06412571 0.01493437 0.01129699
0.01345386 0.05969364 0.02473663 0.03379769 0.02167305 0.03768743 0.02314871 0.06816687 0.00505599 0.01279511 0.02149105 0.02782008 0.03847354 0.05604144 0.0174584 0.02850649 0.005175712 0.02296419 0.02573386 0.03516021 0.0181609 0.03158013 0.01492295 0.04394416 0.01418345 0.03589383 0.04011543 0.05192927 0.02327085 0.03389686 0.0429456 0.0701226
0.02949013 0.01979263 0.02764816 0.03448595 0.01820643 0.0191711 0.02983706 0.01002117 0.03997775 0.01708151 0.03197686 0.04006557 0.06372649 0.04771314 0.02933844 0.0314676 0.02911958 0.01954394 0.0221849 0.02767155 0.03916154 0.04123653 0.05421912 0.01821021 0.07270734 0.03106606 0.01650635 0.02068171 0.05833179 0.04367403 0.007568058 0.008117292
0.04228403 0.03812455 0.03485106 0.03564048 0.0134051 0.02589648 0.00731886 0.01037945 0.04327106 0.02715949 0.04228976 0.02700617 0.04216121 0.02856311 0.03575443 0.03589477 0.05934014 0.05350285 0.03364737 0.03440953 0.02428729 0.04691912 0.02067412 0.02931958 0.01579406 0.009913294 0.05051034 0.03225582 0.02943606 0.01994216 0.02497511 0.02507314
0.02508245 0.02416857 0.03122902 0.03011767 0.01462915 0.02367276 0.01798852 0.0214908 0.02177402 0.02719509 0.04216929 0.04083508 0.0244935 0.04565744 0.019377 0.05011964 0.04729537 0.04557216 0.02970112 0.02864415 0.03545216 0.05736837 0.02168306 0.02590465 0.01718528 0.0214639 0.01908534 0.01848149 0.02408807 0.04490171 0.02876666 0.07440651
0.02030787 0.02781836 0.02662861 0.02210901 0.02503209 0.02421296 0.04167399 0.04065396 0.04477386 0.03673729 0.02398672 0.02385712 0.02853697 0.05351217 0.03639101 0.05376802 0.03916502 0.05364947 0.04460397 0.03703348 0.02558501 0.02474779 0.01861705 0.01816137 0.02698537 0.0221417 0.02516907 0.02503308 0.009319071 0.01747501 0.03322432 0.04908922
