0 0 0 0 0 0.0045 0 0 0.001467553 0.01715596 0.0152728 0.02699764 0.003375714 0.03576179 0.01164746 0.05382109 0 0.04692198 0 0.1145225 0 0.06060272 0.008055883 0.115397 0.007225978 0.08447298 0.03828552 0.06767712 0.01539742 0.1631179 0.01927167 0.08905139
0 0 0 0 0 0 0 0.004111111 0 0.04594255 0.0008318629 0.01395361 0.001814002 0.03889424 0.02127817 0.05317445 0 0.07119549 0.009705053 0.0920439 0 0.09267488 0 0.08026957 0 0.05307306 0.006934566 0.1163199 0.004741553 0.1016642 0.05469479 0.136683
0 0 0 0 0 0 0 0 0 0.05642506 0 0 0.002877388 0.05186326 0.003740771 0.04509352 0 0.1064953 0 0.08818249 0 0.05011953 0 0.04520269 0 0.0577241 0.0433544 0.1578187 0.004967056 0.08952832 0.01506039 0.1815471
0 0 0 0 0 0 0 0.005777778 0 0 0.002453604 0.03454393 0.006064378 0.0712723 0.01108175 0.02880626 0 0.04661728 0.0108789 0.06250381 0.02318151 0.08902837 0 0.06201235 0.007091358 0.1551802 0.005353913 0.07537695 0.01188498 0.1396796 0.04200961 0.1092011
0 0 0 0 0 0 0 0 0.003368777 0.05456973 0.000791138 0.03539927 0.007064597 0.01085348 0.007736457 0.04021655 0.01134098 0.04153902 0 0.07023111 0 0.02993481 0 0.04695407 0.003528911 0.05716369 0.003980072 0.1780873 0.0475634 0.07307259 0.04462567 0.2319784
0 0 0 0 0 0 0 0 0.01767214 0.07353954 0.004219275 0.03909713 0.002557107 0.02097863 0.01075297 0.07118321 0 0.01506321 0 0.0840479 0 0.03705531 0.01008785 0.09374573 0.01438101 0.0598441 0.01384486 0.1282908 0.01617863 0.1327303 0.02030616 0.1344241
0 0.009885267 0 0.008691832 0.0004370695 0.004752498 0 0 0 0.02929564 0.002157232 0.05126015 0.01326088 0.06573213 0.009183029 0.01534427 0 0.06930875 0 0.1027253 0.007801995 0.08483541 0 0.1215619 0 0.07912145 0.003939682 0.09361473 0.01772228 0.08784663 0.04549783 0.07602406
0 0 0 0.003722222 0 0 0 0 0 0.04124865 0 0.04249049 0.02425825 0.0683933 0.002200374 0.007686711 0 0.06856173 0 0.07804938 0 0.08791975 0.007856939 0.10389 0 0.1113007 0 0.0746268 0.02574175 0.07257583 0.03994269 0.1395344
0 0 0 0.003533333 0 0 0 0 0 0.02581876 0.005028581 0.03355927 0.002475326 0.03522153 0.005268196 0.109095 0 0.06830296 0 0.09914148 0 0.05946864 0 0.07955358 0 0.1576561 0.01654475 0.1104148 0.006635786 0.09442093 0.00404736 0.08381365
0 0 0 0 0 0 0 0 0 0.03402696 0 0 0.01435655 0.05897702 0.01806336 0.07457611 0 0.08669002 0 0.04615442 0 0.06924454 0.008897987 0.07901302 0 0.03986079 0.006797185 0.1464706 0.02483234 0.1020118 0.03705258 0.1529747
0 0 0 0 0 0 0 0 0.01848152 0.07207073 0.0003266698 0.01118316 0.003058922 0.05281086 0.009231616 0.02283651 0 0.08249114 0 0.07001998 0 0.01474096 0.008227131 0.08452079 0.02340117 0.09125544 0.003427676 0.1173425 0.003925053 0.0677642 0.06992024 0.1729637
0 0 0 0 0 0 0 0 0.01159827 0.1150118 0 0.006079648 0 0.02502926 0.003377241 0.07890379 0 0.02201136 0.01011042 0.09632267 0 0.07118617 0 0.1003694 0.008712843 0.08639907 0 0.1237539 0 0.09005123 0.006201228 0.1448817
0 0 0 0 0 0 0 0 0.008616442 0.06961501 0.001138184 0.02093769 0.00519202 0.03288689 0.002413924 0.06919984 0 0.02485686 0.01169846 0.0718669 0 0.07136659 0.01137689 0.0788343 0.01192459 0.09634264 0.007372937 0.1356303 0.01488917 0.09430978 0.005377385 0.1541532
0 0 0 0 0 0 0 0 0 0.04343944 0.001895646 0.01191687 0.01437386 0.05935381 0.01253503 0.05648534 0 0.02663605 0 0.07247506 0 0.09054914 0.008575134 0.1017646 0 0.07899118 0.01710653 0.1075392 0.02469281 0.1019637 0.030821 0.1388856
0 0 0.0003949459 0.005956659 0 0.01049683 0 0.008218228 0.004657371 0.0642748 0.008841471 0.03868957 0.004964706 0.04662241 0.01687583 0.03000718 0 0.03604691 0.007454151 0.1124251 0 0.03548094 0 0.09352622 0.00356732 0.04923137 0.02203536 0.09642496 0.01392171 0.1307356 0.05728714 0.1018632
0 0 0 0 0 0 0 0 0 0.03867484 0.002249084 0.03579062 0 0.05141984 0 0.06186561 0 0.102912 0 0.08971022 0 0.07093491 0 0.05644286 0 0.1195687 0.007750916 0.1233436 0 0.09648969 0 0.1428471
0 0 0 0.001655556 0 0 0 0 0.008542324 0.1060563 0.0007034884 0.01135779 0.01072951 0.04144292 0.0165901 0.03292204 0 0.07426358 0 0.1146364 0 0.05431296 0.02030228 0.1048292 0.008657059 0.1074808 0.003887252 0.0627595 0.02026 0.07825461 0.04032798 0.0800284
0 0 0 0 0 0 0 0 0.006078516 0.0258626 0.004441158 0.02236683 0.001898678 0.02834093 0.003685704 0.06732558 0 0.07177072 0.009282256 0.1487693 0 0.005320642 0.0117449 0.03311224 0.01504443 0.0640104 0.01695981 0.08541403 0.007011705 0.1046614 0.01385284 0.2530454
0 0.002888889 0 0 0 0 0 0 0.007402087 0.1124354 0.001491354 0.008927216 0.002631083 0.05065893 0.002711553 0.0108535 0 0.08580819 0 0.1133807 0 0.08926219 0 0.07866004 0.001875604 0.02848984 0.01822231 0.1090784 0.006346781 0.122201 0.02931922 0.1173557
0 0 0 0 0 0 0 0 0.007898748 0.04167724 0 0.06259099 0.002358807 0.06558974 0.006159491 0.05372499 0 0.0587878 0 0.08338998 0 0.09158751 0 0.04623472 0.01410613 0.07443008 0 0.08711904 0.006025205 0.1675387 0.01345162 0.1173292
0 0 0 0 0 0 0 0 0.009762085 0.08914436 0.002344811 0.04587622 0.001632771 0.04487765 0.01168142 0.03468068 0 0.03478153 0 0.09739625 0 0.05996415 0.01027856 0.03757952 0.01055224 0.09635979 0.003587782 0.07019494 0.005719575 0.1572059 0.04444076 0.1319391
0 0 0 0 0 0 0 0.003288889 0.002413975 0.04993528 0.002188558 0.0259971 0.007670184 0.05540138 0.0141171 0.05898754 0 0.05695585 0 0.08331081 0 0.07910341 0 0.09734104 0.00617684 0.1277736 0.00584285 0.06940512 0.01271678 0.0918527 0.02887372 0.1206473
0 0.001766667 0 0 0 0 0 0 0.00484352 0.1084283 0.00944135 0.03317433 0 0 0.0177488 0.114597 0 0.05827164 0 0.04639502 0 0.08355058 0.009201906 0.09081418 0.003465986 0.07759051 0.03248371 0.1141389 0.009134938 0.08294781 0.01367979 0.088325
0 0 0 0 0 0 0 0 0.0009326429 0.01531518 0.00132808 0.003067859 0.01093215 0.084011 0.01190758 0.07250551 0 0.07024988 0 0.08397235 0 0.04374519 0 0.08203259 0.007101925 0.1166226 0.03063735 0.07077214 0.01969995 0.1513895 0.01746032 0.1063162
0 0 0 0 0 0 0 0 0.002978102 0.05361218 0.001739511 0.009273283 0.002633563 0.009832229 0.01237962 0.07755151 0 0.07033067 0 0.1368693 0 0.01516563 0 0.03763437 0.003738244 0.06729636 0.02750958 0.1466527 0.04107231 0.1533407 0.01794907 0.112441
0 0 0 0 0 0 0 0 0.00330261 0.05047546 0.003610731 0.02105262 0.002899702 0.03578048 0.01780452 0.07507387 0 0.05992296 0.009851755 0.0708475 0 0.08289185 0.007911317 0.08857461 0.005518131 0.08433639 0.01626245 0.09481938 0.005612891 0.06925952 0.03722589 0.1569653
0 0.006577778 0 0 0 0 0 0 0.00411974 0.01628556 0.001224575 0.005165579 0.0009775428 0.01674083 0.01944072 0.04946768 0 0.07451333 0 0.07930889 0.01042298 0.07012788 0 0.09904914 0.02646026 0.1045989 0.02716333 0.1145821 0.006575032 0.1126002 0.04361583 0.1109822
0.0008589847 0.0151299 0 0 0 0 0 0 0 0.0214585 0.00436264 0.01299372 0.02447929 0.04328805 0.01114365 0.03628526 0.004415583 0.07777479 0 0.05528741 0 0.04369728 0.03114543 0.1016906 0 0.0310289 0.03435785 0.1023317 0.0498017 0.08806701 0.04943487 0.1609668
0 0 0 0 0 0 0 0 0.001080943 0.005498309 0.00640231 0.03285702 0.00246857 0.03876442 0.006086075 0.06684235 0.01107496 0.08441798 0 0.1073071 0 0.05760336 0 0.1195966 0.00941506 0.04789053 0.02512302 0.1289328 0.0060938 0.09569208 0.01225526 0.1345975
0 0 0 0.004511111 0 0 0 0 0 0.04543098 0.002333488 0.02819346 0.007125767 0.0301812 0.0101589 0.0520651 0.007414222 0.05361827 0 0.06716751 0.02156769 0.07854919 0.008589052 0.08858295 0 0.04349209 0.005185623 0.06265325 0.03488121 0.1477394 0.03274404 0.1678155
0 0 0 0 0 0.007111111 0 0 0 0.04716984 0.008371516 0.01862827 0.002681916 0.01462528 0.0150384 0.03637367 0 0.02888178 0 0.071296 0 0.04250588 0 0.09020523 0 0.06310394 0.05350019 0.1190485 0.02385142 0.1300688 0.06655657 0.1609817
0 0 0 0.002677778 0 0 0 0 0.006294173 0.05574125 0.007582859 0.03322751 0.01236919 0.06345418 0.00779207 0.04086099 0 0.1236706 0 0.07790719 0 0.04440595 0 0.08133849 0.01199546 0.1062319 0.0120164 0.05265494 0.01889673 0.09694061 0.02305311 0.1208887
0.0009842112 0.00691834 0 0.007519671 0 0 0 0 0.01558706 0.0458166 0 0 0.01123093 0.04225979 0.001273184 0.03841022 0.007314246 0.05141421 0 0.08682709 0.007879172 0.05526265 0 0.1358804 0.02914962 0.08568238 0.02057721 0.06220936 0.0315992 0.1189016 0.004405162 0.1328977
0 0 0 0 0.0001309984 0.001646779 0 0 0.008746183 0.01654811 0.003414923 0.08599696 0.003587189 0.05909394 0 0.06083492 0 0.05865463 0 0.07940093 0.009988147 0.1255609 0 0.07461759 0.035844 0.06781819 0.003573966 0.09000211 0.004714591 0.07766632 0 0.1321586
0 0 0 0 0 0 0 0 0.004278011 0.09421997 0.02945582 0.05120391 0.002892199 0.01083256 0.002536418 0.08458111 0 0.02408104 0 0.08298563 0.008296626 0.1157223 0 0.07891437 0.002279668 0.05020798 0.03698897 0.064299 0.0415535 0.1556361 0.001718792 0.05731598
0 0 0 0 0 0 0 0 0.002931537 0.04147817 8.950783e-05 0.001408681 0.00926065 0.0535659 0.01078553 0.07048003 0 0.04977432 0 0.1066701 0.0117028 0.01516856 0 0.0466842 0.00504871 0.07143393 0.007238887 0.1139261 0.0220563 0.1275791 0.03088608 0.2018308
0 0 0 0 0 0 0.0001676419 0.001999025 0.003300294 0.06451819 0.001673274 0.03620324 0.01932314 0.04171905 0.01405253 0.0470436 0 0.05825778 0.02296482 0.06949962 0 0.09986568 0.007524187 0.08972125 0.002533286 0.04952378 0.004485111 0.0970406 0.04462105 0.09633774 0.02935465 0.09827045
0 0 0 0 0 0.003022222 0 0 0.016643 0.04860916 0.004673748 0.03190895 0.01500159 0.05725886 0.01843805 0.06444442 0 0.02418854 0 0.09607812 0 0.09006825 0 0.06664286 0.02543861 0.07429847 0.01254094 0.08562045 0.02397236 0.09149894 0.03329171 0.1163607
0 0 0 0 0 0 0 0 0.001294962 0.04813592 0.007970475 0.03959394 0.01318457 0.03221156 0.02498408 0.0726245 0 0.09414637 0.009159376 0.05922759 0.009559222 0.03760799 0 0.07029946 0.002540001 0.09441608 0.02237346 0.1111418 0.04266569 0.1042376 0.02626817 0.07635713
0 0 0 0 0 0 0 0 0.009956748 0.06946766 0.003593816 0.02371446 0.006613888 0.01459212 0.0122608 0.04980051 0 0.0638179 0 0.004237654 0.007042154 0.1196955 0 0.05520679 0.007268438 0.05071147 0.01542791 0.1018039 0.05951877 0.1313153 0.03831747 0.1556366
0 0 0 0 0 0 0 0 0 0.05635178 0.002610917 0.01212073 0 0.06394224 0.006846046 0.02812828 0 0.02416852 0 0.1072759 0.007611111 0.04766481 0 0.1132796 0 0.08886859 0.01747569 0.08112785 0 0.1613929 0.03545624 0.1456787
0 0 0 0 0 0 0 0 0 0.0219781 0.01029804 0.06767742 0.01542741 0.03369973 0.01317252 0.05774678 0 0.06996336 0 0.07076998 0 0.0702243 0.009384538 0.06965783 0 0.161303 0.007661265 0.05034885 0.03372815 0.07367598 0.03032808 0.1329547
0 0 0 0 0.0003924123 0.004674254 0 0 0 0.00419297 0.006543768 0.0382045 0.02010954 0.042507 0.01021907 0.0431565 0 0.04645136 0 0.09488198 0.005417126 0.06452658 0 0.1036563 0 0.1262446 0.01220784 0.07127303 0.06599204 0.1394922 0.01911822 0.08073881
0 0 0 0 0 0.004511111 0 0 0 0.01964543 0.003326781 0.07514658 0.001849157 0.01312394 0.007897951 0.05449905 0 0.05290069 0 0.05575486 0 0.08756104 0 0.1292723 0 0.0348761 0.005441219 0.1229083 0.01797307 0.1275595 0.02351183 0.1622411
0 0 0 0 0 0.006011111 0 0 0.003827183 0.01434249 0.005087658 0.02334569 0.003147232 0.07890633 0.006126527 0.02920578 0 0.02557796 0.009795662 0.08445971 0 0.05355537 0 0.09060019 0.0285943 0.1071581 0.02644828 0.121363 0.003409064 0.08547089 0.03356409 0.1600034
0 0 0 0 0.001444732 0.003221934 0 0 0 0.03082941 0 0.0430259 0.01090606 0.04052949 0.01076982 0.05927265 0 0.04977052 0 0.08371837 0.02016658 0.04497401 0 0.08670385 0 0.08131118 0 0.05134462 0.02901596 0.1078301 0.03769685 0.2074679
0 0 0 0.004069827 0 0.007352395 0 0 0.003426741 0.05964897 0.001511219 0.01205436 0.01073461 0.098605 0.008374452 0.06422244 0 0.1093585 0 0.1229272 0 0.05906686 0 0.05722519 0.005336716 0.09289572 0.007661127 0.06110959 0.0101686 0.09340587 0.01278654 0.09805805
0 0 0 0 0 0 0 0 0.002009145 0.02348528 0.002616271 0.04586749 0 0.07072686 0 0.09529496 0 0.07171348 0 0.05659763 0 0.0778643 0 0.1238246 0.008079744 0.09444568 0.00729484 0.1278904 0 0.1116755 0 0.08061378
0 0 0 0 0 0 0 0 0.003800672 0.02944434 0.003072431 0.02392703 0.0086828 0.06762084 0.01065552 0.02279637 0 0.02667254 0 0.1173719 0 0.04516449 0 0.09079106 0.005195883 0.04025323 0.01368533 0.1065766 0.02084287 0.1623223 0.06406449 0.1370592
0 0 0 0 0 0 0 0 0.002756628 0.02645165 0.00424899 0.05488813 0.002705157 0.02152958 0.01801506 0.0694048 0 0.07303802 0 0.1005509 0 0.04977679 0 0.04663432 0.00603794 0.05793798 0.01322681 0.170863 0.01783361 0.1419326 0.0251758 0.09699223
