0.01963239 0.01090545 0.01442482 0.003740647 0.002092433 0.001638774 0.02098108 0.0370733 0.0322652 0.02293391 0.004844747 0.02190963 0.001732613 0.002256574 0.01112608 0.03244237 0.06646901 0.03692238 0.05275754 0.01368109 0.06060093 0.04746209 0.01865497 0.0329631 0.04794038 0.03407573 0.02670913 0.120788 0.04476705 0.0583051 0.02500164 0.07290192
0 0.008689477 0.0004061021 0.006459273 0.01813595 0.05026902 0.00322971 0.01255492 0.03120662 0.01898929 0.02643364 0.03849584 0.03999146 0.02201173 0.01291863 0.02020834 0 0.02597287 0.00454125 0.07223103 0.01805656 0.05004897 0.0121549 0.04724998 0.07123782 0.04334836 0.02523629 0.03675213 0.06581602 0.03622584 0.07063504 0.1104929
0 0 0.009458843 0.005589552 0.001463346 0.003746808 0.02815823 0.015361 0.03278467 0.04612095 0.002304221 0.02233435 0.03524102 0.03772013 0.01682477 0.04289211 0.0415045 0.01257787 0.06993957 0.04132967 0.02207699 0.05652679 0.07263996 0.03962688 0.0277691 0.03906512 0.006473663 0.06274791 0.05960482 0.06379788 0.0237563 0.06056297
0.01069112 0.01167676 0 0 0.02621328 0.0405764 0.007140897 0.0114571 0.0222304 0.005946139 0.02027919 0.01700232 0.0184577 0.01883188 0.05711205 0.04238476 0.03792253 0.04141868 0.05834012 0.07263968 0 0 0.03913457 0.06278886 0.0635759 0.01700514 0.06052616 0.05074586 0.05219796 0.05325611 0.04617811 0.03427032
0.01071574 0.005959411 0.01358334 0.01504848 0.02534303 0.003082526 0.02712157 0.03710146 0.01835335 0.03419747 0.004096855 0.03527746 0.01504997 0.02291195 0.04017207 0.02198533 0.05227319 0.02907102 0.04951511 0.05485594 0.05022181 0.006108584 0.04222978 0.05776902 0.02845486 0.05301941 0.00578287 0.04979551 0.04172139 0.0635163 0.05536508 0.03030015
0.001535533 0.006315054 0.009241317 0.01076094 0.01092852 0.006747804 0.005183856 0.01417587 0.02905799 0.01305262 0.006898419 0.008399858 0.02535493 0.02819726 0.03887678 0.07527325 0.01151995 0.04737712 0.04452021 0.051841 0.06208266 0.03833287 0.02127053 0.05816678 0.04744986 0.0213141 0.03188783 0.03882821 0.08557056 0.09516318 0.01862105 0.0360541
0.007178398 0.01000678 0.00991478 0.02169219 0.02131488 0.02214121 0.01295058 0.004423399 0.02092603 0.007186869 0.01669913 0.01306496 0.02412375 0.02496598 0.03052208 0.02288898 0.03876095 0.05403324 0.02553165 0.05585979 0.02581157 0.02681223 0.06229192 0.02127642 0.075161 0.02581342 0.0438577 0.03431312 0.07654564 0.07921806 0.04840994 0.03630335
0.01593254 0.01698625 0.01892312 0.01251549 0.02850664 0.01586976 0.001032343 0.001900513 0 0 0.01041616 0.01229433 0.01536933 0.02443547 0.042368 0.03345004 0.0244754 0.0260941 0.02072285 0.0137058 0.05921152 0.03296328 0.03208776 0.05907262 0.06114524 0.02421091 0.06997975 0.08259805 0.03660376 0.05819578 0.08322558 0.06570759
0 0 0.005800333 0.009805099 0.0008713218 0.004638001 0.03183487 0.02305037 0.01776628 0.0359205 0.00665374 0.005234298 0.05674432 0.03657365 0.03102734 0.02407988 0 0.0446563 0.03228077 0.05456862 0.01331732 0.07088743 0.06281078 0.04547879 0.03803841 0.07690741 0.06289257 0.04947569 0.008317899 0.005361169 0.08164405 0.06336281
0.01555695 0.01580972 0.01485881 0.01351476 0.01623046 0.05002874 0.01819767 0.0194251 0.008942239 0 0.002328113 0.003359771 0.01126763 0.0169969 0.01634926 0.03713387 0.03535169 0.03592608 0.047995 0.04365365 0.01853578 0.05713464 0.04245856 0.04532238 0.04619109 0 0.04768968 0.06882243 0.04864638 0.07338169 0.03940068 0.08949026
0 0 0 0 0.01116881 0.01491677 0.004249767 0.01178688 0.0208415 0.02773741 0.009492837 0.05353571 0.04731694 0.05114161 0.02887096 0.02894081 0.04126171 0.05024733 0.03235168 0.02373929 0.0508593 0.06792633 0.0215957 0.05989644 0.0386316 0.05141379 0.01366758 0.07707957 0.02236458 0.02417233 0.05732703 0.05746574
0.003452143 0.003337511 0.0006886829 0.0003875884 0.03669526 0.01994425 0.03886317 0.02307584 0.01903699 0.04877072 0.02631162 0.03116537 0 0 0.01415355 0.09411731 0.0371118 0.03587947 0.09674858 0.05444978 0.01428878 0.007766097 0.04850824 0.02880281 0.006170325 0.01580771 0.04151196 0.04916975 0.08573359 0.03600536 0.01072531 0.07132043
0 0 0.01032584 0.02675478 0.01309107 0.01581183 0.03317316 0.01823221 0.02558434 0.0414533 0.0002159452 0.0002707373 0.03220191 0.03917002 0.04146278 0.05225208 0 0.03169272 0.02862794 0.0741765 0.02564525 0.03097518 0.06549629 0.03599723 0.03139751 0.05087214 0.02601386 0.0326144 0.05057992 0.06152482 0.04618418 0.05820207
0.00650212 0.0008807352 0.03803017 0.006195024 0.02434649 0.007284153 0.01409364 0.02531211 0.01752423 0.05182301 0.005075179 0.006409043 0 0 0.03563023 0.02089386 0.01370385 0.001856235 0.04063478 0.006619309 0.05547477 0.01659733 0.04022515 0.07224414 0.02779696 0.08220175 0.06838703 0.08636057 0.0218738 0.06213457 0.09070159 0.05318816
0 0 0.001410228 0.002961995 0.01764133 0.01401035 0.02209345 0.007993756 0.05122781 0.01280796 0.02180061 0.01533461 0.06406922 0.06864868 0 0 0.01330578 0.03225287 0.02509102 0.05270034 0.03042052 0.02415928 0.07780722 0.02815187 0.07987877 0.01997127 0.05944382 0.04181294 0.03456769 0.03703848 0.06124254 0.08215561
0.0005976039 0.005675606 0.02875343 0.02670274 0.01948396 0.02384648 0.01371824 0.03135527 0.01681271 0.01512773 0.01186287 0.004819154 0.006139969 0.006851323 0.02539237 0.07286054 0.003769386 0.03579888 0.03573665 0.03318792 0.01888946 0.02311886 0.05459037 0.1247751 0.03921289 0.03528296 0.0402915 0.01636796 0.05642735 0.06296481 0.02832124 0.08126461
0.001770067 0.004651281 0.01425849 0.02885406 0.01424597 0.0163145 0.01050391 0.01812396 0.0004517703 0.01761192 0.01834025 0.01028562 0.04896112 0.04387431 0.01056307 0.01118971 0.0165937 0.04360397 0.03376783 0.06833395 0.03663913 0.04195917 0.03683065 0.06354938 0.002080418 0.08110354 0.05656835 0.03172479 0.03699117 0.03314797 0.07143412 0.07567186
0 0 0.001971718 0.01031421 0.0446743 0.02336411 0.01961791 0.02983553 0.01267445 0.006984464 0.01554215 0.009517948 0.04202163 0.03351775 0.03861641 0.04134742 0.0366884 0 0.01974389 0.1032818 0.02941853 0.01538553 0.02606445 0.03963964 0.03212659 0.01770388 0.07036145 0.04308907 0.04752943 0.03791094 0.07294869 0.07810773
0.01089969 0.02104326 0.01167907 0.02836401 0.01754079 0.0129312 0.009739411 0.007280348 0.04146952 0.02839787 0.0186258 0.01946647 0.01119118 0.01485351 0.009387845 0.02713003 0.01562412 0.03016439 0.03729488 0.09057503 0.0471931 0.0347911 0.03140438 0.02347522 0.01173971 0.008039223 0.03257339 0.03404358 0.05763078 0.07649056 0.04600634 0.1329542
0 0 0 0 0.004155369 0.003370608 0.00741895 0.009288406 0.005671622 0.01321499 0.0088885 0.008473231 0.04899331 0.01563982 0.0237829 0.06110228 0.006017222 0.01742184 0.06601539 0.05050111 0.04399189 0.03568381 0.06489185 0.08124356 0.03241451 0.07552648 0.03883473 0.03702038 0.0817894 0.02610911 0.03713434 0.09540437
0 0 0.00862428 0.00421488 0.02392264 0.03279861 0.008333949 0.01807231 0.02644236 0.02741464 0.00404211 0.01044198 0.004426462 0.006061312 0.03949642 0.07570805 0.001311096 0.06215962 0.08257722 0.04035735 0.02685011 0.03681225 0.0391242 0.08484149 0.05136951 0.05325834 0.01891738 0.04886925 0.04523339 0.06193968 0.01932889 0.03705025
0.0113249 0.005755935 0.009955613 0.009250725 0.009425376 0.01889609 0.03473783 0.009664645 0.01774339 0.02873674 0.01954264 0.04954314 0.02471501 0.02663685 0.003518728 0.01055238 0.05191983 0.0263885 0.04421762 0.04108688 0.02654689 0.05322149 0.04506879 0.01253889 0.06103522 0.09885105 0.004143502 0.01050432 0.05717827 0.06162446 0.02892639 0.08674791
0 0 0 0 0.001297585 0.001843395 0.02659894 0.03590452 0.02916105 0.01230367 0.006501916 0.05764852 0.027525 0.0115165 0.03662698 0.01307192 0.01514673 0.03177976 0.05551393 0.02287069 0.04341853 0.0616819 0.05274555 0.07119847 0.05690102 0.02400776 0.00994943 0.08821552 0.0799612 0.0334559 0.06865214 0.02450148
0 0 0.0001187781 0.003626605 0.0272958 0.003389298 0.0224415 0.03219468 0.001881177 0.04078789 0.008149218 0.009900529 0.02812178 0.02511217 0.02758866 0.009391918 0.06812291 0.02263451 0.002077478 0.06343083 0.04772859 0.005926422 0.0455978 0.0654148 0.004448251 0.09644748 0.03087009 0.03750425 0.06239039 0.05571333 0.1131676 0.03852528
0.004072877 0.0155567 0.002210631 0.004098677 0.01705344 0.0244822 0.03721433 0.01697781 0.02625168 0.02539703 0.01586643 0.02584227 0.02420304 0.01186781 0.02123305 0.02767203 0.01002388 0.03828709 0.0267941 0.04967826 0.01896205 0.02722224 0.03939366 0.01797205 0.0572992 0.05543376 0.02023305 0.03295436 0.103256 0.05063095 0.06593254 0.08592676
0.009177277 0.01189101 0.002210781 0.01684488 0.007825831 0.01031565 0.005779054 0.0008444042 0.01874588 0.03563948 0.01580184 0.0202518 0.02662003 0.04751707 0.04103973 0.01949527 0.02066099 0.02677047 0.009487629 0.07229029 0.0550356 0.07254539 0.06833587 0.00998487 0.0184918 0.03515642 0.05547812 0.07110132 0.03002037 0.05358672 0.0752892 0.03576494
0.009818907 0.01078701 0.01200301 0.01784342 0 0 0.01601549 0.03224328 0.0267751 0.01542227 0.003812566 0.01025377 0.03535486 0.03079394 0.05735883 0.03151755 0.01804452 0.01982364 0.03847837 0.05720113 0.0107358 0 0.03883024 0.07817519 0.06020592 0.03467819 0.01757766 0.04727452 0.04145378 0.03610606 0.1235349 0.06788003
0.009640103 0.01015687 0.002663029 0.004369428 0.02397651 0.02393281 0.002836048 0.001780752 0.04000898 0.01632154 0.001857233 0.001323556 0.01311203 0.01727474 0.01530637 0.03543999 0.05060388 0.05331657 0.03517702 0.05771753 0.01661781 0.01658753 0.04952647 0.03109762 0.06777153 0.02764719 0.05922143 0.0422041 0.03151359 0.0415183 0.06016796 0.1393115
0 0 0.01100681 0.02755181 0.01721819 0.02359772 0.006619876 0.01080559 0.03273878 0.06098797 0.01671662 0.005970854 0.006030478 0.006758099 0.02296781 0.03102939 0.00404865 0.03788572 0.02423092 0.06065387 0.06778051 0.0928939 0.02876061 0.04694582 0.01760667 0.03279888 0.0941676 0.03363485 0.04227672 0.04737771 0.03782975 0.05110781
0.004746173 0.00189069 0.02964378 0.01455791 0.02962899 0.01610937 0.004491558 0.008253749 0.01458203 0.01579693 0.01329106 0.01406055 0.02294379 0.01575182 0.03886949 0.0253821 0.03564068 0.01419785 0.04538099 0.02228637 0.01765504 0.009599103 0.06199496 0.1139228 0.04444897 0.04815223 0.05409594 0.05722784 0.0823321 0.05652423 0.04025444 0.02628648
0 0 0.001482916 0.001789677 0.03218365 0.01386885 0.01222288 0.006007571 0.01625422 0.0251862 0.01081201 0.01680462 0.003973783 0.01008177 0.02390375 0.0554281 0.03964788 0.06136545 0.03853768 0.04650973 0.04693203 0.02022435 0.05311915 0.02610817 0.04282798 0.06636272 0.04792745 0.07449149 0.02858046 0.07251066 0.03159416 0.07326065
0.006949956 0.007236958 0 0 0.001782601 0.03266021 0.02214461 0.02733678 0.001880793 0.001253961 0.009103815 0.005747356 0.0415942 0 0.04945269 0.09285607 0.03384993 0.03524778 0.02548524 0.05080792 0.0006509543 0.01192656 0.05993401 0.0739865 0.07223942 0.04816343 0.07480689 0.04722655 0.03456325 0 0.04556163 0.08554993
0 0 0.0130817 0.00197904 0.01025723 0.006264142 0.03000427 0.03708028 0.03908593 0.03768613 0.002806255 0.0103881 0.02702708 0.04568574 0.03585782 0.02279627 0.02053475 0 0.08069649 0.01220801 0.02866587 0.01750639 0.04102354 0.05069826 0.06354559 0.06126982 0.01419002 0.05252815 0.04923909 0.08323222 0.06398434 0.04067743
0 0 0.00411604 0.001460454 0.01478698 0.005736897 0.006218327 0.01114797 0.03240814 0.0195155 0.006690144 0.02774059 0.01270938 0.01949901 0.08142386 0.07654671 0.0045761 0.01955412 0.06477609 0.02298387 0.05100637 0.01978891 0.04076537 0.07308251 0.06541892 0.03939389 0.02163926 0.08972689 0.04167189 0.0639339 0.03179314 0.02988878
0.003345637 0.003218225 0.00550123 0.004213229 0.009461299 0.03451004 0.005468162 0.02992662 0.008596683 0.008259812 0.007041476 0.01212988 0.03155043 0.01715458 0.06439502 0.04522767 0.05001059 0.04810604 0.01364423 0.01044971 0.01024102 0.03735406 0.03314594 0.181404 0.04318882 0.04149642 0.0223306 0.03846743 0.06704997 0.03645638 0.04502891 0.03162594
0.004673501 0.01197526 0 0 0.04666219 0.02251295 0.004601576 0.004185638 0.02425536 0.03199795 0.0190644 0.008268091 0.01810698 0.01594749 0.05750841 0.06024021 0.01223053 0.03133922 0.04053506 0.01757976 0.04936813 0.02381847 0.09453121 0.08598651 0.01560653 0.02058831 0.04316548 0.01872055 0.04834122 0.04257591 0.06134942 0.06426369
0.01158885 0.008516757 0.001010534 0.004479065 0.02420356 0.02859957 0.0321877 0.01968063 0.00390512 0.003894878 0.001376097 0.001787955 0.04838916 0.05342981 0.01499252 0.03195779 0.04261767 0.03132012 0.01311893 0.05814806 0.03495088 0.04129889 0.05478277 0.033496 0.02278039 0.02272065 0.06207771 0.0806572 0.04361992 0.04816377 0.03839817 0.08184885
0 0 0.001037429 0.0004371389 0.01550077 0.0152682 0.02805429 0.02570218 0.02697439 0.02545716 0.02020378 0.006038252 0.02181197 0.01651722 0.02244309 0.07455414 0.001216046 0.0528761 0.08716954 0.03673041 0.03541909 0.03488769 0.04472548 0.04097564 0.06014063 0.0567579 0.05001375 0.01494748 0.038226 0.02894683 0.02706376 0.08990365
0.02554648 0.007611163 0.001079441 0.002649827 0.02408273 0.04153559 0.006237834 0.009479152 0.03080205 0.03435587 0.003298367 0.007713588 0.02327569 0.03513226 0.0243753 0.06282465 0.01649108 0.004913251 0.02892514 0.07100584 0.03766813 0.06496639 0.0229431 0.03486485 0.04169056 0.04650065 0.03516935 0.08224734 0.03404328 0.05138482 0.02437146 0.06281476
0.0003715835 0.007782709 0.03570034 0.008817759 0.003923889 0.002343624 0.0168333 0.01249346 0.01390168 0.004367204 0.02178944 0.03064706 0.02736465 0.02860638 0.007378064 0.01767885 0.001761445 0.03689295 0.05207715 0.01286273 0.0575088 0.03434833 0.08970443 0.0665775 0.06279532 0.01972711 0.05423021 0.07627532 0.04317263 0.04513169 0.03148707 0.07544732
0 0.02952203 0.007279962 0.02109232 0.0296024 0.0271363 0.006179596 0.006298488 0.03771631 0.04044713 0.01891055 0.02042675 0.009870153 0.006486189 0.01225394 0.02677787 0 0.07656137 0.02951033 0.08550064 0.03328656 0.03051354 0.06810308 0.06941335 0.03814563 0.04090753 0.02114216 0.02283728 0.04212338 0.02768146 0.03587594 0.07839774
0.001905062 0.001947091 0.00918755 0.01028326 0.03813155 0.02943742 0.01642304 0.02290725 0.0476229 0.04869778 0.04125545 0.01722436 0.0318996 0.02779343 0.02735038 0.02793387 0.03804438 0.03888371 0.01821078 0.02038261 0.01354205 0.01045441 0.02098686 0.02927298 0.04236037 0.04331647 0.06397029 0.02670792 0.04593852 0.04002523 0.0731712 0.0747322
0.01741287 0.006553925 0.01930183 0.03022872 0.04301591 0.02186624 0.01691165 0.007686649 0.04061145 0.04735986 0.01593344 0.01357569 0.005888894 0.01627281 0.01381808 0.043562 0.04856719 0.01827992 0 0 0.04577398 0.02326825 0.04890478 0.02222811 0.04058022 0.04732345 0.01310535 0.01116609 0.03114949 0.08607554 0.04902488 0.1545528
0.0006822691 0.006409898 0.006403244 0.01984665 0.01807225 0.007774547 0.05111478 0.05735191 0.02300799 0.02095496 0.01471821 0.02227678 0.0188397 0.0607267 0.03684677 0.02497333 0.003805469 0.03575227 0.02880053 0.08926634 0.06010041 0.02585474 0.03711775 0.04164694 0.02085748 0.01899634 0.02316307 0.03505851 0.004301097 0.01386389 0.102169 0.06924621
0.005748171 0.01401017 0.007303966 0.01197152 0.009764921 0.02092886 0.009525494 0.008691342 0.02629211 0.02021263 0.01140931 0.05211385 0.02141568 0.04586546 0.04433781 0.0404087 0.01083554 0.02640973 0.02429702 0.03982389 0.01875381 0.04019448 0.03228411 0.02945698 0.07131283 0.05482328 0.01139366 0.05204234 0.04565472 0.09777762 0.04967086 0.04526915
0.002993774 0.002426531 0.01088303 0.005349212 0.02325174 0.02182717 0.01755679 0.02268954 0.03473118 0.02320146 0 0 0.007555911 0.01921642 0.04636096 0.04195629 0.05680835 0.04604463 0.1075898 0.05288242 0.01639847 0.01539378 0.03834697 0.04955777 0.03981721 0.02659908 0.04552724 0.02514605 0.02645447 0.06727981 0.05572408 0.05042983
0.01756764 0.02501015 0.01489841 0.02392583 0.01527164 0.01245479 0.01658944 0.02374877 0.01395311 0.01438237 0.02407511 0.002715782 0.05984872 0.03790554 0.03900659 0.01864611 0.01894374 0.02696923 0.04132729 0.06636882 0.03172053 0.02586968 0.02851422 0.04081981 0.03513531 0.03621622 0.06156606 0.006944933 0.06658152 0.0421698 0.07500067 0.03585216
0 0 0.01560561 0.01055666 0.009994648 0.008422685 0.01950497 0.03562654 0.0348784 0.03239444 0.001647428 0.01285326 0.01456708 0.02396787 0.01604108 0.03393932 0.0277746 0.03838075 0.05315026 0.03595433 0.01846581 0.0155615 0.03219545 0.05880618 0.05140527 0.04774431 0.008822375 0.06883229 0.05535863 0.091084 0.04058837 0.08587586
0.01320816 0.004281152 0.009639228 0.02209166 0.04523612 0.002080994 0.0004238137 0.0001722095 0.01051585 0.004057315 0.01683494 0.00933219 0.02919805 0.05781633 0.05251032 0.06260168 0.0752755 0.02439899 0.01365487 0.03129489 0.008550431 0.0003933449 0.08482958 0.03446906 0.05916775 0.02282862 0.0665358 0.03688309 0.02113703 0.04185437 0.06328256 0.07544411
0.01643495 0.01589207 0.001433089 0.004591127 0.01121364 0.005952206 0.02298345 0.01899947 0.04168561 0.03362982 0 0 0.02640488 0.06721204 0.05609014 0.0274775 0.02430859 0.02350563 0.01526477 0.04890311 0.02951838 0.01566837 0.05218881 0.04314234 0.04197164 0.03386058 0.03580505 0.08271396 0.03744009 0.09530151 0.0472569 0.02315026
