00111
10110
10100
10000
10001
11101
01110
01001
10111
00001
10111
01100
00110
00010
11101
10110
10011
11101
01111
10111
11100
11010
00011
10010
11000
10110
00110
11001
11111
00010
11010
10001
01001
10000
11110
10010
11111
10011
11100
01111
10001
10000
01001
11110
01010
10010
11100
11111
10100
10011
01111
11001
10000
11001
01101
10100
11101
10100
11110
01101
11101
01101
00001
11110
01110
01001
00101
11001
10110
10000
00010
00101
10110
00001
00010
11100
01101
00011
01001
01000
00111
11000
10100
10110
11100
01110
10111
00110
10100
11111
10001
10111
00011
00011
10111
00001
01011
10011
10010
11000
