1101
0110
1110
1001
1101
1111
1111
1010
1011
1000
1110
1000
0110
1100
1110
1101
1000
1101
0110
1110
0111
0110
1000
1100
1110
1101
1100
0011
1110
0101
1110
0001
1111
1111
1000
0111
1111
1001
1101
0111
1101
0100
1001
0101
0111
0101
1100
1001
0110
0000
1011
1001
1011
0100
1100
0110
1111
0010
1010
1111
1101
1101
0111
1111
1010
1110
1101
1110
0100
1111
1111
1111
0100
1101
1011
0001
1110
1100
0011
1010
1011
1000
0010
0010
1011
1001
0111
0000
1101
1001
1001
0100
0100
0000
1101
1110
1000
0010
1001
1011
