1011
0110
1111
1011
0111
1111
0011
1010
0011
0111
1101
1010
1100
0111
1101
1111
1100
1101
1101
0010
0011
0110
1001
1011
0111
1010
0100
1010
1101
0111
1111
1111
1010
1000
1101
0010
1110
1111
1101
1001
0101
1001
1000
0111
1111
0001
0100
1111
0110
0111
0010
0010
1101
1011
1110
1000
1001
1010
0111
1100
0110
1100
1011
0101
0001
1111
0110
1000
1101
0110
0111
1000
1101
1000
0111
1001
1000
0111
1111
1111
1000
1111
0111
1000
1111
1111
1100
1110
1100
1111
1010
1011
1100
0100
1111
0110
1110
1011
0001
1100
