1001
1111
1011
0010
0100
0100
1110
1101
1100
0110
0110
1100
0010
1001
1011
1001
1011
1110
0110
1010
1110
0100
1011
1110
0100
1111
1110
0011
1010
1110
1101
0111
1111
1111
1110
0110
0101
1110
1001
0001
1110
0100
0010
1011
1101
0100
1110
1110
1001
0110
0110
1110
1011
1111
1110
1100
1101
0010
1110
0001
1110
0100
1101
0100
0101
1001
0101
1001
0111
1100
1100
1111
1010
0100
1101
1101
0110
1001
0011
0011
1010
0000
1010
0111
1011
0100
0001
1111
1100
0010
0110
1110
1101
0011
0111
1100
1101
1001
1110
0110
