1101
1111
0000
0111
1011
0011
1001
1001
0110
1110
1010
1010
0001
1101
1001
1001
1011
1110
1100
1101
1011
1101
0101
1001
1001
0101
0111
1111
1110
1000
1111
1101
1101
0010
1101
1110
1011
0100
0111
0110
1111
0111
1001
1011
0110
1000
1101
0011
1001
1011
1010
1011
1000
1111
1011
1110
1101
1101
1000
1111
0110
1111
1100
1011
1101
0011
1101
1101
1101
1011
0110
1111
1110
1111
1011
0110
1101
1001
1110
1011
0111
0110
1111
0100
0110
0111
1110
0111
1011
1011
1100
1100
1111
0101
1110
1111
1100
1110
0111
1010
