1011
1110
0101
0100
1101
1111
1011
1100
1111
0100
1101
1001
1010
1101
1100
1000
1011
1111
1111
0100
0011
0000
1111
1101
1000
0110
0000
1000
1011
1001
1010
1111
1010
1101
1100
1111
1001
0111
1101
0000
1011
1101
1110
0010
1000
0001
1101
0100
0100
1101
0100
0111
1001
1100
1101
1110
1101
1101
1100
1010
1111
1110
1100
0010
1010
0111
1111
1011
1010
1111
1110
1010
1010
1111
0111
0110
1001
1111
1111
1000
0110
0100
1100
1011
1110
1000
1001
1000
1110
1111
0011
1101
1101
1011
0101
0111
0100
1110
0101
1100
