0100
1110
1110
1100
1100
0001
1001
0111
1111
0011
0111
1011
1110
1111
1101
1010
1101
1100
1100
1011
1110
1110
1000
1101
0110
1010
0100
1000
1100
1001
1100
1001
1001
0111
1100
1010
1010
1001
1100
1011
1011
1101
1010
1111
1110
1100
1101
1101
1000
1010
1100
1110
0110
1001
1011
1100
0110
1001
0100
0100
1110
1111
1010
1110
0000
1000
1011
1011
0110
1011
1100
0011
1110
0011
1011
1101
1011
1110
1101
1110
0111
1100
1010
1010
1111
0001
1101
1110
0010
0111
1011
1111
1111
1101
0100
1100
1111
1101
0111
0101
