1111
1101
0100
1110
1101
0100
1110
1101
1011
0100
0110
1001
0110
1101
0101
1101
1010
1011
0111
0100
0011
0110
1010
1010
0100
1101
1001
1111
1000
1011
1000
1011
1111
1011
0011
1000
0011
0101
1010
0010
1101
1111
1010
0111
1111
1111
0110
1100
1101
0110
0110
1111
1100
1100
1100
1110
0011
0111
1001
1001
1011
0111
1110
1000
1010
0000
1101
0101
0111
1001
0110
0001
0101
1111
1000
1101
1110
1001
1001
1110
1100
1101
1111
0101
1101
0011
1100
0100
0101
1001
1110
1111
0110
1110
1010
0110
1110
1110
1100
1100
