1000
1101
1010
1101
0001
1100
1011
1110
1010
0110
1101
1000
1101
1111
1110
1000
1001
0110
0110
1111
1000
1001
1001
1111
0110
1111
1011
1111
1111
1100
1101
1111
0111
1101
1111
1100
0110
0011
1010
0100
0110
1111
1010
1100
0111
1111
1011
1001
0100
1110
1110
1110
0010
1110
1110
0111
1111
0111
0001
1111
1011
0110
0110
1111
1011
1011
1111
0100
0110
1010
1110
1111
1001
0110
1010
0001
1100
0110
1001
1110
0110
0000
1110
1001
0000
1010
0110
1111
0001
1110
1010
0111
1010
1100
1111
1010
1110
0111
1001
1001
