0101
0010
1010
1101
1110
1101
1001
1110
1011
1010
1101
1110
1110
1101
1100
0110
0111
0100
1101
1001
0110
0000
0100
0100
1111
0111
0111
1100
1001
1111
1101
1000
1110
1010
1101
1101
1101
0101
0011
1110
1111
1101
1100
1001
1001
0101
0100
1001
0011
1101
0100
0111
0011
0111
1001
1011
0110
1000
1011
1101
1100
1111
1100
1101
1100
1100
1100
1010
1110
1000
0011
0001
1001
0011
1111
1010
1001
1111
1111
0011
1101
1000
1101
0111
1110
1000
1001
1010
0110
1011
1101
1001
0100
1010
0110
1111
1011
1110
1101
0110
