1010
0111
1011
1011
1010
1101
0110
1110
1110
1101
1110
0010
1011
1010
1011
0110
0100
0001
1000
1111
1110
1101
0010
1111
1000
1110
0111
0111
0100
0010
1001
0100
0101
0110
0000
1010
0100
1110
0011
1001
0110
1100
1010
0111
1101
1010
1101
0011
1011
1000
1101
1101
0111
1111
1110
1010
1010
1100
1101
1101
1110
1000
1101
1010
1010
0000
0010
0101
1000
1111
0100
0100
1111
1000
1010
1011
0110
1111
0111
1101
1111
0111
1011
0100
1101
1000
1111
1111
1011
0111
0101
1100
1111
0111
0111
1111
1010
1010
1101
0101
