01000
00101
11101
01100
11111
00010
10011
11011
11000
01111
11010
10100
11010
11110
11001
11101
11101
01000
11111
11110
11100
10010
11101
10010
11110
11000
10001
11110
10010
00001
11001
10000
11110
11101
11011
01001
11111
00001
11110
00100
11001
10000
10111
10101
01101
10110
10011
11110
10101
01100
11110
11011
10111
11111
00010
11110
00111
11011
11011
01111
10101
11100
01010
10100
10110
11101
01001
11101
00100
10111
01000
11011
00110
10000
10111
11111
10101
10001
11001
10100
11001
10010
01001
01010
11100
10011
11100
10100
11111
10111
00011
00000
01101
11110
01000
11110
10111
10111
01000
10010
