01000
10011
11100
11110
11110
10110
01110
01111
01110
01111
11001
11110
11110
11101
10110
11111
01000
10111
11101
11101
11101
00100
11111
11111
00110
00100
10001
01111
01101
11010
11111
11011
11110
11001
01111
01110
10011
10001
01010
10100
11111
11110
11010
01001
11110
11100
01101
10101
10010
10001
10011
11001
00100
10001
10010
01111
11001
11100
11101
01110
11111
00100
00100
11000
01000
11110
11100
11011
11110
10001
01110
11101
00111
11101
10010
10000
11110
11100
10101
01001
11001
11111
01101
10100
00111
10110
10001
10100
10011
01100
11011
10001
11111
11111
01011
11011
11110
11001
10110
11000
