11100
11110
10110
00111
01010
10100
10111
11010
11101
01000
10001
00100
01101
10000
10010
11100
11110
10011
10101
11101
01110
00111
00011
10001
11111
11101
11000
11101
11101
11010
10000
00101
10010
10110
00011
01001
11000
00101
11101
11111
10011
10001
10101
10010
11000
11001
11110
11101
11001
01110
11110
11011
11100
01101
11100
10011
10101
11111
11111
01001
11101
11101
11101
01111
01110
10101
11011
10110
11111
10110
10100
01100
01110
01100
11000
11110
11011
11111
11100
00111
11001
01111
10010
11001
10011
01110
01110
10110
01000
11101
11010
11111
10000
00011
01011
01001
11010
10110
11101
10111
