11111
11111
11001
11010
01001
11011
10011
01110
01110
11110
10011
10111
00101
11111
01011
10100
11110
00101
10011
10110
10001
10001
10111
11000
10101
01000
01111
00100
10111
01110
10100
10110
10011
10001
11110
01111
10001
00101
01100
11111
01100
11010
00110
11111
00110
11000
01001
11100
11111
01000
11000
11101
01110
10100
10110
10011
11011
01011
01110
01111
11011
10001
10101
11100
10101
11111
01110
01110
11000
11100
10111
01111
11011
01101
01101
10001
11101
10000
00101
00010
10111
10101
10010
11111
01101
00100
11111
11001
10010
10111
10000
01110
01101
11110
11100
00100
11001
11001
01111
10100
