01001
00101
11111
01111
11100
11111
10010
01110
01001
11111
10110
11101
11010
10111
11101
10101
11101
10110
10011
10000
10111
11001
01111
01110
11011
11100
01110
10101
01101
00100
10011
11111
01110
11010
01011
11111
01000
11010
11111
00101
01010
00100
01000
11111
11110
10111
11111
10111
11001
00000
01111
11100
01110
00110
01001
10111
11111
11001
11100
01100
01101
10110
10111
00110
11010
01111
10110
10110
01010
11111
11110
10111
10100
11011
00101
11011
01100
11111
01100
11001
01001
00101
01001
10001
11010
10101
11101
10101
10101
11001
00111
10000
11000
01001
01011
10010
11101
00100
11101
11110
