11101
10011
10111
10110
10010
11110
11111
11110
00111
10010
00110
11001
01011
11010
11110
10001
10100
11110
11111
11011
01101
10111
11111
10111
11111
01010
10101
10101
11111
10110
10010
01010
10111
01101
11000
11101
11000
11010
10000
11101
11110
10010
10110
11110
11111
10100
00000
10000
10011
10110
11000
01111
10011
00111
00100
11101
01100
11001
10100
01111
01110
01101
11000
10001
11111
11000
11100
11000
01010
01100
11101
00111
01111
11001
11101
11001
11110
10110
11010
11111
00011
10010
11100
11100
10001
11101
01101
11111
10010
01101
00111
01000
10000
01101
10001
10111
10110
01111
10001
10101
