10010
11000
11111
11011
11001
11110
11101
10100
00110
01111
11100
10110
11001
00011
10111
11111
11110
10110
10101
01010
11111
10100
01101
11111
11100
10110
01101
01001
01100
11000
10000
11011
10110
11101
11101
10010
11111
10100
01110
01100
10001
01001
10010
10111
01111
11000
01100
11100
10111
01111
11100
10111
11100
11101
10011
11000
11011
01001
10011
11110
11110
11110
11100
10100
11011
01001
10000
11111
11110
01011
11001
11100
01001
11111
10111
01111
10011
10011
10101
10000
00101
01101
10111
11101
11100
01010
11010
11001
11000
10111
10001
10110
11011
10101
11001
11001
11001
11100
11001
10011
