01110
01111
01100
11011
10001
01111
10000
10111
00101
01000
11010
11101
01110
11011
10110
01110
10101
00101
10100
11011
10101
00011
10010
10100
01001
00101
01101
01001
11101
01100
00101
11100
11110
10000
00100
11111
00110
10010
10000
11001
01001
11010
00000
10110
01111
00010
10011
00001
01001
11101
01000
10011
10110
01110
10011
11101
10111
01001
00010
10000
01001
11001
10100
10101
11001
10001
00101
11101
01111
11100
11010
01101
01000
10011
10100
01111
10011
11000
10010
10101
00101
10011
10000
10110
10010
11100
11101
11010
10110
01000
11101
11111
11110
10101
00111
11111
00110
11100
10011
11010
