01001
01111
00110
10100
11010
01100
10110
11100
01110
01001
10000
00110
01010
01111
10010
10110
00111
10001
01001
01001
10110
11011
10110
11111
11100
01001
11011
01101
11010
01111
11010
10111
10011
10100
00110
10101
01101
11001
01111
10100
11101
10000
11100
10100
01111
11011
01001
11111
11100
01101
10111
10111
00011
01011
11011
01110
11000
10000
00111
11011
11011
11010
11101
10010
10011
10111
01100
00111
11100
01111
01100
10111
10101
10111
11000
11000
11001
11111
11001
10101
11101
11000
11101
10001
01000
11000
10011
00101
10101
00001
10100
11100
10101
11101
10010
10100
11111
01001
01100
11011
