00011
11001
11110
11101
10010
10001
11110
11101
01101
10011
01001
11001
10110
11100
10011
11100
11011
01001
01111
01001
01111
01100
10111
11100
00111
10010
10101
11010
10110
00110
00100
11110
00011
01010
11101
11101
01100
10001
11110
11010
01010
10010
00101
00010
01111
01000
11111
10010
10001
11011
11111
01111
11101
00110
10110
11001
11110
11100
11101
01101
11000
11101
01111
11001
10100
11110
11101
00000
00111
11100
10101
11111
00111
01101
10100
10010
01111
11110
11100
00111
11111
10110
10000
10000
10000
00101
10110
01101
11100
10111
10101
11111
01001
11111
01111
11010
10100
11111
11101
01111
