01110
11101
01000
11111
01110
00001
11111
11111
11110
11011
11101
01101
11000
01001
01110
10100
10001
01110
11111
11000
01111
11000
00110
01001
11011
10011
10010
11011
01011
01110
11110
01011
01110
10110
10010
11101
01111
10010
10000
10111
00011
10101
11001
01011
00101
11111
11011
11000
10000
00101
11110
10011
10100
01110
10101
11101
01111
01101
10010
10111
10001
11101
01100
11001
11111
11111
11010
10101
10101
11000
11101
10011
00111
01100
01000
11111
01010
11100
10101
01110
11101
10011
11010
10101
11111
01010
11110
00110
11011
11011
11011
11100
11111
11101
00111
11101
11010
01101
01101
11010
