01010
10001
11110
11010
11010
11101
10000
10101
11001
01110
10001
01100
01000
10101
01010
11110
01111
11100
10100
00011
11010
01000
11011
11011
11010
00001
11110
11001
10010
01110
10011
00011
11001
10010
11100
10001
10000
11111
01110
11010
01101
01001
11011
11110
11111
11101
11100
11111
00010
11100
10111
10010
10011
11111
11100
11101
10001
11111
01100
11100
11110
11001
10101
10011
11111
00100
00111
01101
01011
01101
11011
01000
10110
00101
10001
01001
11100
01100
11001
01001
00001
01010
11000
01001
01001
10011
00101
00001
00010
11010
01110
01111
10011
10000
11101
10111
00110
11011
01111
10111
