01001
11111
11110
01100
11101
10101
11000
01101
10010
00111
10011
10111
11010
11111
10111
11011
01101
10110
11101
11111
11110
11101
01100
11001
11110
11010
11111
01011
10110
11100
11111
11001
11110
01111
11100
01100
00100
11110
10100
11110
10101
10111
01010
10111
10010
11011
01001
10001
00011
10101
11001
10110
01110
10100
11110
11100
10100
00011
11111
11100
00110
11110
10101
10011
11011
10001
10101
11101
11110
11111
10000
01011
10010
11101
11000
10011
11111
11001
01101
10100
10111
10100
01011
11101
11101
10100
10101
10011
11010
01000
11101
01101
00010
01111
01100
01000
00101
01110
10010
11111
