10011
01111
11100
11111
01010
10110
00100
10011
10111
11101
11101
10011
11100
10111
10001
10111
01000
10111
10110
11110
11011
10011
11100
00001
11010
10000
10001
10011
10100
01001
11111
01010
01110
10011
00111
00110
00010
10100
10101
11100
00000
00101
01101
00101
11010
11110
00110
11111
11101
10101
11110
01000
01111
01101
11101
11001
00011
01110
00101
00010
11110
11011
10011
01110
01101
10100
11011
11011
11000
00001
10111
00101
00000
10001
11011
10000
10001
11010
01110
11000
01101
11111
10101
11011
11110
11011
11100
11011
11100
11100
00110
10001
11111
10011
10101
00110
10101
00011
10011
10011
