11101
10011
10000
01111
11111
11101
01001
01111
01010
11100
01001
10110
11111
10001
11001
11110
11100
10111
10100
10110
01100
11001
10111
11110
11011
01111
10110
11010
11010
11011
01110
10000
10010
11001
11011
01101
01001
01011
11111
00110
01111
11110
01101
10011
01000
11110
00001
10110
11110
11010
10110
11111
11010
11101
10111
10010
10011
10100
01011
11010
11110
11010
11111
10111
01101
10110
11110
10110
11010
11111
10110
10011
11000
11110
10100
01011
11010
11011
00100
10010
01111
00101
11000
00110
10011
11101
11000
10110
11100
11110
11000
01001
11111
10000
11000
10111
10111
10101
11111
00110
