01101
10100
11000
01100
11111
10010
10011
11111
00011
01111
11100
11111
00101
11001
10011
10001
11001
11100
11100
00010
10001
11111
11100
10000
00010
11011
01111
11101
01001
11100
11100
10010
11010
01101
01110
11111
11010
01101
11010
00110
10111
10010
10101
01011
11011
11001
00111
10110
01101
01010
00111
11101
01001
10101
11000
00101
11111
00111
00001
00100
10001
11101
10100
00110
10010
10100
11110
11000
11110
11101
00011
10010
01101
01111
00101
11001
11100
01001
11111
00101
01011
01111
10110
01011
00111
10111
11100
10100
10010
11111
10101
10101
01101
10001
11111
10001
01001
11000
11011
11101
