01100
11001
11001
10101
10101
10001
00110
00010
10001
11000
10111
10011
10101
00100
01111
11110
11110
01001
11011
10010
10000
11111
10001
10100
01110
10110
01111
10101
10000
10110
11111
01110
10100
10100
11110
01010
10000
10110
10110
01111
11100
01111
10110
01001
10100
10010
10110
10101
01100
11111
10011
10000
10011
11011
10110
01110
10111
11110
11101
10111
01111
01011
10010
11101
00101
10101
11110
10101
11100
11110
11110
11001
10101
01111
10000
11101
10011
11001
10011
11110
10000
01000
01100
11100
01010
00110
10100
00101
11100
10000
10101
11011
10110
11100
11110
10100
10101
11101
10111
10001
