01101
10110
10110
11101
00111
11101
11001
01111
10110
01100
11111
11101
10000
01100
10101
10110
11101
01011
11000
11011
11101
10011
10101
01011
10011
11001
11001
11010
01100
11110
11100
10101
11111
11011
11001
11100
00110
11010
10010
11001
11011
01011
10011
10001
11101
10111
11011
00111
10110
00111
01001
11000
11011
10010
11000
11011
00111
10100
10110
11100
11010
11011
11011
10110
11101
11011
11100
00011
10100
10010
10010
11101
10001
10111
11111
00100
10000
10101
00001
10110
01010
11110
11100
10010
10001
10101
01100
10100
10100
00111
10001
11001
10110
10111
00101
11011
01100
10110
11001
11111
