10010
00110
00010
10101
11000
10000
11110
00101
11000
11110
11111
11111
01100
10001
11101
11010
10010
10111
10110
01111
10110
11010
11010
01001
10010
11111
11000
10011
10011
10111
00111
11110
00110
10100
01101
10011
10100
10100
10101
00110
11110
11101
00011
00000
10101
01001
01101
11110
00000
10001
10001
11101
11111
00010
00111
11111
10100
11111
11101
11010
11110
01110
11100
01010
11110
01000
11011
10001
00111
11010
11000
10011
01110
01100
10111
11011
01001
10110
10000
11011
10100
01011
11011
10100
11101
11101
11101
10001
10101
11110
10010
11001
10010
10111
11100
01000
11001
11000
11100
00010
