00011
11101
10100
01111
10011
01111
11110
11111
01000
11100
10110
10111
00001
10111
11110
10101
00111
10110
10001
11111
11101
00100
10101
01100
10011
00100
11011
11010
10010
01110
11010
10010
10110
11001
11100
11010
10100
11001
11110
00010
11111
10110
01101
10011
01111
11100
11100
10000
00101
11001
10010
11011
10101
10100
11101
11110
11001
01010
01100
01110
11111
10001
11011
10111
00011
11110
11011
01110
10010
11110
11011
11010
01110
10000
00100
10011
11110
10110
00110
11100
11111
11011
01000
01000
11101
10101
11101
11111
11110
10100
01101
11101
11101
11101
10000
11110
11011
00011
10001
00110
