11100
10100
10000
11101
01110
11100
01010
01100
01000
01101
01100
11111
01101
10111
10101
11010
10001
11111
10100
01110
11110
10011
11011
01101
01101
11000
10101
00011
00010
11111
01011
11010
11101
11101
11010
10111
10110
10001
00111
10110
11000
10011
01100
11011
11111
11000
10111
11101
11010
11101
00100
11100
10011
11101
11110
10111
10100
01000
10101
10001
11001
11101
10111
11110
00111
11111
11110
10000
01111
11011
01011
00011
10000
00100
10001
10011
11101
01101
11110
10000
11101
01110
01100
11011
10110
01100
11100
11011
11111
10101
10100
11010
11100
11100
10010
11111
11000
11111
11001
10001
