01001
11110
01110
11111
01011
01001
10011
10011
10010
11001
10100
01000
01000
11110
01110
01001
00110
11001
01000
10011
01010
01110
01101
10010
10111
11011
11110
01110
01110
00010
10001
01110
01111
11010
01001
10101
10010
11110
10100
01000
01001
10110
00011
01110
00011
11000
11000
10111
00010
11100
10111
01111
11100
01101
11100
11100
10010
11101
00111
11110
11001
10010
01100
10000
10001
01101
11100
01111
11001
00000
10100
11111
11111
10111
11101
10110
10010
01110
01111
11110
00110
00111
01001
11001
11100
11101
01100
10111
10101
11011
11011
10010
11101
11010
01001
10110
10010
11110
10111
10011
