01101
00011
01010
11111
00000
11100
00111
10011
01101
00101
11101
10110
00001
10111
10101
10110
10011
01001
10011
01010
10110
01001
11011
11010
10010
11111
11000
01111
10001
11011
01101
01101
11111
11011
01000
11101
01101
10101
10010
10011
01011
01010
01000
11101
11110
11000
10011
11011
10100
10001
10100
01010
01101
11011
01101
10000
01111
10001
10011
10011
11111
01010
11111
11101
11010
10001
11111
01000
11011
10111
00101
01001
10000
11011
11110
11001
11010
11100
01011
11111
11110
10111
10011
10011
11101
11111
11110
10000
00001
01111
11110
11101
01001
10001
01111
00010
11101
11100
11011
10011
