10000
11000
11010
01001
10001
00110
11010
10011
11010
01010
11101
10100
11100
10000
10100
11001
10010
10010
11101
11111
11101
10001
00101
11110
11100
11100
11101
11010
01001
01100
11110
11110
11001
01110
11110
01110
11111
01001
01100
01000
11011
10111
11111
10100
10010
10111
01001
11111
11001
10011
11001
10111
00100
11111
11101
01011
10110
11111
01010
10101
11010
10101
11000
11101
10000
01111
11100
10111
11100
11100
10000
00011
10100
10111
10001
10100
10011
01110
00110
01101
11111
11111
10100
10000
01100
11000
00011
11010
00101
11110
11011
10110
00011
10100
11100
11101
01101
11100
11010
11010
