11010
01001
11000
10101
10101
11010
00011
00110
01111
10000
10000
10101
01100
11001
10111
11111
11011
11110
01110
00011
10010
10111
10110
01111
10010
11100
00000
10110
10110
00100
01110
00111
00011
11011
11010
11111
11010
11010
00110
01100
01110
11101
10111
11001
10101
11110
10101
10111
10011
11110
11111
10111
11001
11111
11100
01100
10001
01111
00111
11100
10011
11010
11101
00011
11001
00101
11011
10100
11110
11110
01111
10000
11010
11110
10111
11101
11100
01101
11010
11000
00111
11110
00001
01111
11111
00011
10101
01101
11110
01100
11011
11111
00101
11101
10011
01001
11100
11101
10011
10100
