11000
10011
11110
10000
01001
11111
11000
10110
00110
01110
11011
10101
11111
11101
10000
01111
11101
10100
10011
01000
10111
01100
10011
11010
10110
11111
01000
11100
10100
10010
10111
01110
11100
10111
11010
10001
00110
10011
00110
10011
01100
10000
10111
11110
01100
10010
10011
11111
11001
01111
11110
10010
10111
10101
11111
11110
10111
11100
11111
11011
10100
01000
11110
10110
10101
01001
01101
10011
11000
01101
11110
01011
01100
11011
00111
11011
10101
10011
10011
00110
11011
01001
11101
01111
01010
01000
00101
11011
11100
11110
11000
11000
10001
10111
11011
01101
01011
10000
10010
10001
