01110
01110
11100
11111
10110
11110
00110
10010
00010
01101
01101
01010
11101
11111
10101
11101
00110
01010
00001
10011
11000
10010
01111
10011
11110
11100
11010
01001
11111
01100
01101
01110
01110
11011
11110
10111
11011
11111
10110
01110
10001
11101
00011
11111
10101
10011
11110
10011
11110
01100
11101
10111
11110
10101
10011
11011
10110
10101
10101
01100
10010
10100
11111
01000
00100
01101
01111
00101
10010
11001
00010
11111
11011
00100
10000
10010
11110
01011
10001
11101
01101
11111
10111
10000
10001
11111
10011
00101
11100
11011
10111
10011
11001
11000
11111
11001
10110
10010
10111
00111
