11010
10110
11111
11001
11111
10111
11001
10011
01110
11010
10010
01011
11001
10110
11010
00010
01011
10101
11100
10011
10001
01000
00111
10101
01010
11101
11011
10100
01111
10110
11010
01110
10101
10001
11011
01011
01110
11011
11101
10000
10000
01101
11110
01111
10101
11011
01001
01101
11101
10011
01101
01010
10001
01110
11110
11101
00100
00110
11110
10111
11011
01111
00010
11101
11111
10101
10101
11110
01000
00101
11001
11110
11110
11100
01101
01111
01010
10010
11011
11101
01111
10011
11101
10101
00111
10100
10101
10011
11111
01111
10110
01111
11110
11010
01001
10011
10110
11111
11110
11100
