11101
11101
11100
11101
11101
11000
01001
11110
11111
11100
11110
11111
01011
00010
11100
11101
11100
11010
11011
10110
01111
10101
11111
11000
01011
10110
11000
10010
00101
01010
11001
11101
10110
10011
10101
10111
11111
10111
11010
00100
11010
11010
11111
01111
11110
11100
10011
11100
11010
01000
10111
11010
11100
10101
11100
11110
11000
11100
11111
11110
01001
10010
01100
01010
01111
11011
11001
11001
01011
11111
11111
00011
10000
11100
11000
11001
11111
11101
11101
10010
11011
11010
01111
11000
10001
10111
10100
01100
11101
10001
11101
11111
11110
11100
11110
10001
11001
01101
11011
10110
