11010
10101
10000
11010
11101
10001
11001
11000
01111
10011
11011
11010
01001
10000
00010
01101
11111
11110
10101
00000
01100
10111
11010
01110
11010
01100
11001
10011
10011
01110
11100
01111
01111
11110
10010
10101
11110
00100
11111
10010
10101
11001
10011
11110
10110
11010
10111
00110
10011
11101
11000
10101
00100
11101
11111
11111
10111
11000
11110
10011
10101
11100
11111
11111
11110
01011
11000
01100
00011
01111
10111
01001
00010
01111
01111
00111
11111
11010
11110
01011
00001
00001
11001
10000
01101
11010
01000
11101
11010
11001
10000
11100
11001
01000
01100
10110
01110
11010
01001
11110
