00110
11001
10001
10100
10101
10010
10101
11011
10000
01101
11101
01000
00100
01110
01100
01001
11110
10110
10100
01110
10111
01100
11101
01111
00110
00111
11101
10101
11101
11111
11001
10100
10010
01001
11010
01101
10010
10101
01000
10011
11010
11101
10111
11011
10001
10000
11101
11010
10101
11001
00110
00111
11111
01111
11010
01011
01100
11001
11111
01110
00011
10110
11110
11111
01010
01001
11101
11010
11101
00010
10000
10011
11110
01101
01000
11000
01001
10011
11100
10101
01011
11110
10011
10011
10110
00111
11001
11101
10011
11010
01011
00111
10110
00110
10111
11010
11111
10001
11000
11000
