01001
11110
01000
11110
11111
01111
11111
01111
01111
01001
11001
11100
11011
10100
11100
00000
11000
10011
10011
11100
11100
11001
10010
11000
11011
11100
11010
00110
01101
00110
01111
00101
00011
11110
01110
10001
10011
10110
10110
11101
10010
01101
11100
11000
00011
10001
11111
11011
11111
10110
00010
11110
11010
10111
01100
11100
11110
10111
10111
11110
11100
00010
11001
11101
11110
10110
10100
11011
11011
10000
10100
11100
10001
10100
00001
11011
10110
10101
11111
10010
11110
01111
01111
01001
11100
11100
10011
10101
01111
11011
11010
11110
01000
10110
11001
11111
00000
10110
00010
00000
