11100
10100
11111
00111
10010
00110
10010
11010
01110
01101
01110
01111
10110
01001
10100
10011
01100
11011
01110
10001
01100
11010
10011
00101
01100
01001
10110
11111
11100
01010
11100
01011
11001
11001
00000
10110
11011
11001
10011
11000
10010
11000
10101
01101
11000
11011
00000
01110
11101
11001
10010
00100
01111
11010
01001
10100
10100
11010
01111
11110
10100
00111
11111
01101
01000
11101
00111
11010
00110
00110
10001
10011
11011
11000
10011
10100
10110
11010
01010
11101
10110
11100
11000
11011
11110
10001
00000
00101
01011
11000
11011
01111
11010
01111
01111
01111
11010
10111
01111
11111
