11111
11101
10111
11111
01010
11001
10011
10000
00100
00100
11010
10010
01100
10111
10101
10111
11110
00111
11100
11011
10001
10110
10011
01011
11111
11101
11010
10100
01000
00100
11011
10000
01110
00010
10111
10110
00010
10110
01111
11000
11011
01110
01001
11100
11111
11010
10110
10111
11110
11100
01111
01101
11111
11111
10110
01001
11011
00111
10001
11110
01110
11010
11010
01100
11110
10110
11111
11111
10001
10101
11000
01111
10011
00110
11111
10000
10001
11011
01001
11001
11101
01010
01110
01011
10000
11011
01110
10010
01001
11111
00110
10001
01100
10011
11011
11101
11110
00111
01001
11100
