11111
11100
00101
10110
10110
00001
01110
11100
11110
11110
11100
11010
01000
11111
01000
10011
11000
10111
10111
01001
11010
11110
11001
10101
11001
01010
01101
00011
10110
11111
11111
11110
11011
11000
00111
11100
01101
10101
11010
00111
11011
10110
01111
11100
11111
11111
11110
11001
01111
00010
01110
11101
01011
11000
10100
11110
10011
11001
11111
11100
00110
00011
10010
11000
11110
10111
11100
11101
01110
10111
00100
01001
01111
10100
11101
11110
10111
01001
01100
11001
01111
10111
10001
11101
11010
10110
10000
10110
01011
11000
11010
10110
01011
10111
11011
01011
01101
01000
00110
01001
