10101
11010
11110
10111
01100
01001
11100
10000
11010
00101
01011
10101
10101
11111
10011
10100
10000
11101
01000
01101
01011
11010
10011
01111
00111
01111
11100
00111
11011
11101
00011
10101
11011
01111
11011
11101
01100
10100
00111
01000
11101
01010
11001
01110
10101
10110
00101
11100
01101
11101
11100
11001
01110
01010
11110
10010
01110
00111
01001
10101
01010
10010
10001
00101
10001
11001
10110
00011
01110
11100
10111
11010
11010
10101
10000
01100
11101
11101
10100
10110
11110
11010
00001
10111
01000
10111
10111
11101
11001
11001
10011
01100
11101
01111
11100
10001
11001
01000
11110
01010
