01010
11001
10110
10111
00100
10111
10110
11101
10111
00101
11000
11101
10011
00100
11110
10001
10100
11000
10000
11101
00011
11101
10010
11011
00100
11100
11001
01111
11010
10010
10100
01111
11111
00010
10110
00011
01001
11110
10101
11100
01111
11000
11110
01101
10101
10110
01010
11011
11011
11111
10010
11101
01111
10101
11110
11110
01110
11111
00000
11111
11101
11010
00101
11111
10101
11010
11110
11001
11101
11000
01111
01111
01110
01101
10010
01101
10000
11101
10001
11001
10110
11110
11101
11010
01000
00101
11111
01110
10101
11010
10110
10100
10111
11000
11011
10101
11110
00101
11010
10011
