11111
10110
11111
11001
10100
11011
11011
11111
11101
01011
00110
11001
01111
01101
10110
11011
11110
10111
10100
11001
10001
11011
11110
10111
11011
10011
11110
10001
00111
11110
10001
10011
01101
01111
01110
11101
10000
11101
11011
10010
10100
01111
11100
10000
11010
11101
10000
11111
10111
10100
01011
10011
11010
11011
11000
01001
10010
10011
00001
11111
11111
01110
11100
01111
11011
11100
00111
10110
01110
11100
11011
01110
10111
10100
10110
11111
11000
11110
10010
10000
11100
01101
10101
10011
11000
11101
10110
01111
01100
11101
10010
11000
10101
11101
11011
10010
11100
11111
11110
01101
