10001
11110
10110
10110
11011
11110
10110
10101
00110
00110
10111
10101
11100
11011
00101
10100
10001
00101
10100
11001
11111
11111
11011
11100
11100
10011
10010
11101
00001
11100
11000
10111
10000
11010
01100
01101
11011
10010
11110
01110
11000
10010
10011
11100
01001
11110
11111
10101
11110
01101
10011
01111
01001
00100
11111
10100
10110
01011
01001
10100
11011
11111
00000
11000
11010
11000
11110
00101
11101
00001
01010
11000
11110
10011
11101
00111
10110
11001
10100
10101
10111
01111
01110
10111
01001
01110
01000
11001
01011
11011
10000
00001
10110
10110
10101
01100
10000
00101
10001
11101
