01111
10111
10010
10100
11001
11010
10010
11111
00010
11100
01100
10011
11010
11100
00100
00111
11001
00000
11011
00000
10001
10111
01001
11011
11110
11101
11111
10101
11111
11111
00111
11100
10010
01001
01010
00101
11100
11011
11100
11000
01110
10111
11111
01111
00111
00111
10010
10011
01111
00111
11101
01110
11111
00101
11111
10011
11010
10010
11111
11000
10000
01101
01000
00101
01100
11100
00101
10111
01101
00010
00011
01101
01110
11011
10000
10110
11010
11001
00010
11011
00111
01001
01010
01111
10101
10011
11001
10011
01011
11100
11011
01100
11110
10001
11010
10000
00101
10000
11001
01000
