00011
11111
10110
10010
11000
10101
11111
11110
11001
10010
11110
11111
01110
10110
11001
11000
11011
11110
01111
10001
10110
01000
00011
11110
01110
10101
01111
10110
11001
10100
00110
10010
11001
01001
01100
01101
11011
10100
00101
11110
01001
00101
11010
10110
10001
00000
10110
11101
10100
11000
01001
11101
01100
11111
11101
00110
10111
00011
01101
10110
11001
11111
11111
11011
11111
10110
11001
01100
01010
10011
01000
10100
11100
11011
01001
10000
10011
00100
01101
01100
01001
10000
01110
10010
10001
11001
10111
11101
10110
11001
00101
01000
10111
01100
11101
10110
11111
11110
01100
00111
