10000
10111
11001
10010
11100
00101
10100
11001
11010
10010
11011
11101
11111
11100
00110
10010
00101
01101
10001
11100
00111
00011
10110
01101
10011
10111
00110
10010
11101
01110
10010
10111
00101
10001
01010
11111
11101
01101
10110
10011
11011
10110
11110
11001
00100
00000
01010
00010
11110
00110
11101
10100
10001
00001
01111
11110
10111
11111
00100
11001
11001
11110
11011
10111
10100
01000
10011
11000
00110
01100
11110
11101
10101
00011
11000
00010
00001
11000
10001
00100
00000
01110
01111
10111
11011
11101
10000
10100
10101
11100
01000
11100
11101
11001
01111
11101
11101
10110
11111
00111
