10001
10111
00010
11110
10001
11000
11110
00100
11100
01001
11010
11010
00000
11011
01000
00110
10101
01101
10100
10100
11110
10001
11010
10011
11100
00111
11011
00011
00100
11101
11010
11010
10110
00010
11011
00010
00010
11110
11101
00010
11001
10110
10110
11111
11010
10011
10111
00001
11100
11011
10000
11010
11100
11100
11010
00011
11110
11100
10001
11010
01111
01100
11110
01111
10101
10100
01100
10111
11101
11101
10110
11111
11100
00100
11011
10110
11101
00010
01110
11111
11111
11111
01111
01101
10101
11011
11101
11101
10111
00110
11010
10001
10101
11011
01110
11100
11011
11111
01011
11111
