11001
11110
11110
01101
11011
11001
00010
10110
11111
10011
11001
11111
11010
10101
10011
10111
01110
11101
10001
11111
11110
01000
11101
01100
10110
11111
11110
01101
11111
11110
10000
01011
01010
10011
11111
11100
00111
10010
01010
01101
11111
10100
11011
11111
10010
10111
01001
11101
01001
10100
10101
01010
11011
11010
11100
11010
11111
01101
01100
10001
10011
10111
10001
01111
11011
10100
01001
10100
11100
11110
10010
11000
10001
00100
10000
00111
10010
11010
01110
11110
10100
01110
10001
11011
00101
11011
11101
01110
11111
11001
01001
01010
11011
10111
11001
10001
10010
01111
10001
01000
