11110
11111
10010
11100
01101
11010
11001
11101
01000
01110
01111
11100
10101
11100
10101
01011
01111
10011
11100
11010
11111
01001
11001
01101
11100
10111
11101
11011
00001
10001
11101
11100
00110
01100
10011
01111
01101
10111
10010
11100
01101
11001
10101
01001
11011
11001
01100
10100
11110
10111
11010
10110
10101
01100
01000
10110
11100
01000
10001
00101
11100
11100
00110
10010
00101
11011
11010
10111
01011
10011
01110
01111
10111
11101
11111
01000
00101
10000
11100
01100
11011
11110
01100
10110
01011
10000
11010
11001
01010
11001
11001
00001
11111
00101
11111
10010
01100
01011
01111
10100
