01000
11110
01011
11110
10111
11111
01111
10010
01101
11000
01001
11111
11010
01111
11110
10011
01101
11010
11110
11011
01101
01111
01011
10101
10111
11011
11101
11101
10111
11000
11000
10010
11100
11001
10110
00101
01001
01111
01101
11101
01101
01101
11011
10010
00100
11010
11100
11100
11001
10010
11000
11111
11000
10101
11101
10110
10101
11100
01111
11001
11110
10101
10110
11001
01101
10111
10111
01110
11011
10001
10000
11100
10011
00011
01000
10000
01011
11100
11000
01111
01011
01110
11000
11111
01001
10110
01000
11000
10110
01100
11110
00010
11101
11110
10001
11001
11111
10000
10000
10111
