11011
00101
10010
10010
01100
01101
01100
01111
11110
11011
10111
01001
10001
00000
11111
01001
11101
10100
11111
01110
11111
10110
01011
01011
11110
11101
10101
11100
11011
11110
10011
11110
10111
10111
10110
11011
01010
10101
11011
10111
11101
11111
10111
01011
01100
10101
10001
11110
11110
11110
01010
11111
11101
11100
10111
11001
10010
10101
10011
01101
11101
11010
11011
00100
11101
01111
01101
10011
10000
01101
10100
11111
00101
11100
11011
11010
10110
00110
11101
10111
01110
11101
10010
10111
11000
11000
11101
11001
01100
00111
10100
01000
01100
11101
11010
10110
00101
10110
10111
11001
