00111
11111
10001
01001
11111
00010
10100
10100
11010
10011
11110
10010
11110
11010
00100
11100
11011
00111
10110
11010
01110
11111
01100
10100
10110
01001
10111
00000
11110
11011
10111
10111
10111
10111
10111
01011
11101
10111
00011
11111
00110
11111
11011
01111
10011
10001
10001
11101
01010
10110
11101
10101
10110
11110
10100
00000
11101
11011
01111
11001
11100
10101
01001
11011
10011
00110
11110
11110
11001
11101
11111
01001
01010
11010
01100
10101
00111
11011
11011
10101
11011
01110
11100
10101
11101
01100
10100
10010
10010
11001
11100
10100
11111
01101
01001
11111
10100
10111
01100
00110
