11110
01111
11101
01101
10110
11110
01101
11010
10100
10000
01000
10011
10110
11111
11001
01000
11111
11001
11100
01100
01101
11100
10001
10101
01101
10001
11101
11111
10000
10101
11100
10111
10010
10001
00111
11000
11101
11100
11010
01000
00111
00100
11110
10100
10100
10100
11111
10111
11000
10110
11010
00111
11010
01111
11101
01100
11001
11010
11101
11111
00101
11011
10110
10111
11111
01011
10111
11100
10010
11110
00111
01000
00110
11101
01010
11011
11111
01011
11110
11111
11001
11100
11000
00100
01101
00101
11001
11001
00101
11011
01010
11000
01010
10111
11101
01101
10011
11100
00101
11000
