10010
11010
10010
10100
10101
10100
11000
10000
10100
10101
11001
10010
11001
00111
11011
00110
01101
01111
01001
11110
10100
01110
11001
01110
11000
11010
11110
00111
11000
11111
11111
10011
11110
01100
00111
10010
10010
11001
10010
01110
11011
11010
10100
11101
10000
10110
10010
11001
11001
11110
11011
10000
10001
11101
10101
10110
11100
11010
11111
10101
11001
10001
10100
01110
11110
01000
11110
10101
11011
11110
11110
01001
00110
01110
11101
11101
01110
00100
11101
11000
01101
10100
10101
10010
10010
01001
10010
11010
10100
11111
01110
01101
11100
10001
11110
10101
00010
10100
00100
00110
