1110
1111
0111
1101
1100
1111
0111
1110
1110
1110
0110
1111
0011
1111
1010
1111
1001
0110
1001
1000
1101
0010
1110
1110
1111
0101
1010
0110
1111
1111
0011
1100
1100
1100
0001
1111
1011
1010
0111
1010
1111
1111
1110
1001
1111
1110
1100
1001
1110
1001
1001
1010
1001
0111
0111
1110
1111
1110
1100
0010
1111
1111
1100
1001
1101
0111
1111
1110
1110
1010
0001
0110
1101
1010
0010
0110
1110
1100
0111
1001
0111
0111
0110
0111
1111
1110
1111
0111
0111
1100
1110
0010
1110
1110
1111
0011
1111
0111
0110
0101
