0110
1001
0110
1111
1001
1111
0111
0101
1111
1101
0111
1100
1100
0101
1111
1011
1110
0111
0111
1110
1111
1111
0111
1101
0101
1001
1110
0101
1110
1111
1101
1101
1001
1111
0111
0001
0111
0011
1110
0110
1100
1100
1110
0111
0111
0001
1001
0011
0111
1111
0111
0110
0001
1010
1101
0111
1101
1100
1110
0101
0111
1100
1001
1010
1101
0001
0001
1110
0101
0011
0011
1110
1110
1111
1111
1111
0111
1111
0100
0001
1110
0111
1001
1110
0111
0010
1010
1100
1101
1100
0111
0010
1110
1101
1110
1111
0111
1101
0111
0111
