0111
1100
1111
0101
1110
1111
0101
1110
1111
1110
0111
1110
0011
0011
1111
0111
0101
0111
1110
1101
1001
1111
1100
0111
1101
1111
1110
0101
0010
1111
1101
0111
0011
1111
1011
1111
1100
1101
0001
1101
1100
1101
1111
0111
0111
0110
0111
1110
1111
0011
1101
1010
1111
1110
1010
1110
1111
1101
1100
1110
1110
1100
1110
0010
0110
0011
1110
1001
1101
1110
1110
0101
1111
0101
1110
1010
1111
1111
0111
0111
1111
0001
1111
1110
1100
1001
0101
1110
1010
1100
1101
1110
1001
1101
1101
1010
1100
1111
1110
1110
