0101
1101
0101
1101
1010
1111
1001
0110
1100
0111
0111
1010
1111
1111
0010
1100
1010
1100
1110
0101
1010
1111
0111
1010
1100
0110
1010
1110
1101
1101
1100
1110
1001
0011
1101
1100
0101
1100
1010
1100
0010
1111
1001
0011
1111
1110
0101
0110
0011
0111
1010
0101
0110
1001
0011
1111
1111
1010
1110
0110
1111
0001
1100
1110
1100
1110
1001
1100
1111
1111
1110
1110
0111
0110
1111
0101
1110
1010
1101
1001
0110
0110
1111
1111
1111
1111
1111
1111
1110
0111
0111
1010
1101
0111
0101
1001
1101
1001
1100
1100
