1101
0101
1100
1111
0110
1110
1110
1010
1110
1100
0101
1110
1101
1110
1100
0001
0111
1001
1111
0111
0111
1010
1100
1111
1110
1101
0000
1101
0111
1101
0111
1111
0111
1101
1110
1111
0011
0011
1111
1001
1101
1110
1110
1111
0011
1111
1110
1010
0011
1110
1100
1001
0011
1111
1001
0111
1001
0110
1110
1100
1101
1111
0111
1110
0110
1010
1010
0101
0001
0101
1101
1101
1100
1001
1111
0010
1110
0110
1110
1110
1100
1111
1001
0110
0110
0010
1101
0101
1111
1111
1111
1101
0111
1110
0011
1111
1101
1111
1001
0101
