1111
1100
1111
1111
1010
1101
1110
0111
0010
1111
1111
0101
0011
0010
1111
1111
1100
1010
1111
0111
1010
1101
1110
1111
0111
0111
0111
0011
0110
0111
1111
1111
1010
1101
1111
0011
1001
1101
1111
1110
1001
0011
1101
0101
0001
1111
1011
0111
1010
1111
1101
1010
1111
1001
1111
0111
1100
1111
0011
1110
1110
1100
1111
0111
1111
1100
1010
0010
1110
1111
1111
0010
0010
0011
0101
1101
0111
1110
1110
1110
1101
1001
0011
1101
1110
0111
0011
1111
1101
1111
1010
1111
1110
1110
0110
1010
0110
1010
1100
1111
