1010
1111
1110
1101
0011
0101
1110
1101
0110
1001
1110
1111
0111
1111
1101
1111
1110
1110
1001
1110
1001
1010
1100
0111
0100
1110
1111
0101
1111
0100
1110
0111
1110
1111
0111
0110
1001
1101
1010
0110
1010
1111
0101
0011
1100
1100
1111
1010
0111
1110
1111
0111
1001
1101
1001
1001
0010
1001
0001
1010
1101
1101
1110
1101
1100
0011
1111
1010
1111
1010
1100
0111
1111
0110
1101
1100
1110
1111
1111
1110
1100
1101
0111
1010
1100
1100
1110
1110
1111
1100
1100
1001
1010
0010
1111
1001
1100
1101
1001
0110
