0001
1010
1101
0111
1110
1100
1100
1110
1111
0111
1110
1110
1111
0110
0111
0111
1101
1001
1111
1101
1110
1110
1111
1110
1010
1110
1111
1101
1110
1010
1110
1101
1110
0011
1111
1111
1111
1111
1010
1110
1101
1111
1111
1110
0010
1000
1111
0011
1010
1111
0011
1101
0010
1100
0111
1010
1111
0111
1110
1001
0010
1101
1110
1100
0110
0101
0101
1011
1111
1111
0101
0011
1111
1111
1110
1111
1111
1111
0111
1110
1111
1100
1110
1001
0010
0010
1110
0110
1100
1010
1001
1111
1111
1111
0110
1001
1101
1111
1001
1111
