1111
1111
1100
1110
1110
1111
0110
0111
1110
1101
1111
1101
0111
1101
1101
1101
1101
1110
1111
0011
1100
0110
1010
1100
1001
0011
1100
0110
1101
1111
0001
0101
1110
0111
1110
1111
1110
1001
1100
0111
0011
1111
1100
0001
1110
1001
0111
1111
0111
0001
1101
1111
1111
1110
0111
1000
0111
0010
1010
1001
1101
1100
1110
1110
1110
1100
0010
1111
1100
1111
1101
0110
1110
1111
1111
0110
1111
0111
1010
1101
1111
1111
1101
1110
1001
1010
1110
1001
1010
1111
1100
1101
1010
1100
0110
1100
1001
1110
1111
1001
