11110
00110
01111
11001
11111
10101
01010
10110
01101
10110
11100
01100
10001
11101
00110
11010
10110
11101
01111
10100
01101
10100
10000
11111
11111
11101
11100
10000
01101
01010
11011
11011
10101
00111
11001
01001
10111
10101
11110
10100
10011
10110
11100
00111
01000
10100
11100
10011
10011
11011
11100
11101
10110
00011
11100
11100
00110
11100
10010
01010
01101
10111
10100
01100
10001
11000
11110
00110
11010
11101
11100
10111
11010
11011
11100
11100
01000
10011
01110
11111
10110
11011
01110
01001
11100
11100
01111
11111
10101
10001
01100
01101
11111
11100
11001
10011
01000
10110
11010
10111
