11010
11010
00111
01000
11111
10000
11001
10110
11011
11111
10110
11100
11011
11111
01111
01011
11011
10110
10110
01001
10101
10000
10111
10110
10001
10010
11010
10100
01110
11000
10111
10010
11000
00101
11010
10111
10000
11001
01101
01110
11001
11111
10011
11110
01111
01110
00001
01100
01111
11111
00101
11100
10100
10011
10111
11000
10100
10101
10100
11111
00100
11001
10011
10011
10001
11010
10111
11101
10111
11100
11000
11011
01110
10110
11010
10110
11000
11011
01110
01101
11011
10111
00010
10010
10010
11110
10100
11111
10010
11101
11010
11100
10010
10000
11000
00010
00110
11111
10010
10110
