11011
10000
01110
01011
00101
10011
10110
00111
11010
10101
10010
10100
10000
10101
00100
01100
11111
01001
10100
11110
01001
11101
10111
00101
01101
00100
01101
11011
01100
11010
11000
11101
00100
01101
01000
11101
11011
00101
11001
01000
11110
00000
11000
01000
11110
00101
10000
01100
11011
11111
00101
10110
10110
10000
00111
10010
01111
10110
11110
11001
10100
01101
00011
10010
11110
11001
10110
11001
11111
11110
11101
10001
10110
10000
01100
10111
11101
11001
01000
11011
10101
11111
01111
11111
11010
11001
11110
00100
11100
01110
01111
11100
10000
11110
10111
10111
10011
01101
11111
10101
