00100
01001
10011
01100
01010
11011
11101
01100
11111
11101
11100
10110
11001
00011
10101
11111
00110
11110
01101
01001
11110
10010
10111
10000
11100
01000
11010
10010
01111
00010
10100
11001
11100
01101
00011
01110
11011
00111
11110
11111
00100
10011
11100
10011
11000
11111
01100
10101
11011
10010
00001
11000
11101
00111
10101
11101
10111
11111
10111
11110
10100
11000
01100
11100
01110
10000
11000
01011
01101
10000
01110
11000
11011
01011
01010
11000
11000
10100
10111
11100
11010
00111
11111
01011
11011
10101
11001
01100
11010
11111
00001
11100
11010
10110
01001
01010
10101
11001
10011
11110
