11011
10000
10100
11101
01100
10010
10010
10101
10101
10101
10111
11110
01100
10111
11111
11100
10000
00110
10100
11100
11010
11011
10000
01101
11100
11001
11010
11110
10011
11110
01100
11110
10111
11111
10110
10101
01101
01000
01111
10111
11010
10001
01110
00111
10100
00111
00011
01110
11111
11001
10001
00010
11000
10001
11000
01100
01010
11001
11011
01010
11110
11011
01001
01110
11111
11111
11110
10010
11101
10000
11111
01101
11111
01011
11010
11001
01010
11010
11100
00000
11101
11001
01001
11100
11111
10011
11001
01000
01111
11011
10010
01111
10000
11000
11000
10000
11011
11101
11000
11100
