11011
11110
01110
10000
10101
11010
11111
01100
11111
10000
00100
11110
11011
01111
11111
11101
10001
01011
10111
01001
11011
11111
10001
11011
00110
10101
10010
10000
10000
11101
00111
11010
11110
11101
10101
11101
10111
01001
10011
10110
11111
10010
11000
10010
11001
11000
00100
11001
11100
11011
01111
00011
11011
11101
10001
11111
11000
10011
01101
00100
10111
01110
10111
10001
11110
10111
01110
10111
10111
11010
01101
11011
01100
01110
00101
01010
11000
11110
00111
10100
01101
11101
10010
11101
10111
10101
10001
10010
11010
01110
00110
11011
11110
10011
10000
10000
01111
11100
10100
11110
