00111
01110
11011
10000
11110
01011
11100
11111
10011
10011
11000
10110
10101
01000
11100
11110
01110
10111
01100
01110
11100
11001
01001
11011
11100
10100
01101
00011
10110
10010
11101
11100
11000
10101
01111
11110
11100
10101
11010
10101
11011
10111
01000
10101
11100
11010
11110
11101
10000
11101
11110
11011
01101
10001
11100
11110
01110
10111
11111
11100
11110
11101
11000
01100
10011
11100
11101
11000
10101
11110
11110
10101
11011
10101
11000
11100
00101
10110
11110
01110
01111
10011
11010
01101
11001
10111
11111
11000
11011
00110
10110
10111
11111
01000
11000
10111
11111
00110
00011
10101
