11000
01111
11001
10101
01110
01000
10111
11110
11011
11000
11000
10101
10110
11000
10011
11111
01110
11011
10101
10110
01110
10110
01101
01111
10110
10100
11111
01110
11111
00110
10000
11101
11001
10110
11011
01001
11101
10110
01101
10100
01100
10000
11011
11000
11100
01100
11100
00111
10011
11011
10100
11111
00110
10010
10111
10011
10100
11001
11110
11110
01000
00101
10001
01011
00001
01000
11000
11110
11001
11011
00110
00101
00110
01001
01101
01001
00000
10100
11011
01000
11010
01111
11010
11010
10000
01101
11011
11110
11011
11101
01101
11100
11100
11010
10001
10111
00111
11111
11011
10100
