01100
11000
11100
11111
11001
00000
10100
10111
11011
00111
10110
10110
10110
11101
11111
11000
01000
11010
01011
00011
01111
10110
10000
10011
01101
11110
11101
10011
11010
10011
11010
11010
01000
11000
11011
11010
10011
01001
01110
01110
01000
11111
10110
00011
11101
11000
10000
11100
10100
11111
11100
11111
11101
10110
11000
10110
10100
11001
10101
11100
10111
10110
11101
11011
11000
01111
11101
11101
11100
00101
10011
11101
10101
01110
11100
10010
11111
01111
11111
01111
10010
11100
11001
00001
10011
11111
11111
11011
10100
11111
01110
11101
10110
01111
00111
11100
11111
11000
01000
11010
