11010
11111
10001
00011
11000
01001
10110
00100
01001
11001
01101
11000
11110
01100
11111
10001
10001
10000
11000
11110
10011
11110
10010
11100
00101
11100
10100
10111
01001
11101
00111
10011
10001
11110
01101
11100
11100
00111
11000
01101
11011
01001
11110
01001
01110
01001
11000
11101
11010
11110
10111
10010
11000
01101
01101
01111
00011
10111
11001
11011
10000
11011
01111
11001
10100
11101
10101
11111
10111
01100
00011
01101
01110
11100
11100
10101
11010
11100
01110
11110
01010
10110
10111
00110
11111
10111
11011
11011
11111
01110
00100
00111
11110
01001
11001
11111
10000
10000
10001
10111
