10011
10111
00110
10111
10010
10010
11010
10110
10010
10000
00111
10100
11111
11111
11000
01100
01010
00101
10100
01000
10011
01100
11011
11000
10011
11110
10000
10011
10100
11111
11100
00101
10100
11010
01001
10110
01111
11111
10010
01011
11011
11000
11101
11110
00100
00111
01001
01011
10100
10111
10110
11011
11000
11111
11111
10000
11011
11110
10011
10001
00011
00110
11111
01111
10000
10100
00101
01101
11010
11011
10110
00010
11011
10000
01110
11100
10001
10111
01101
11100
10010
10101
11011
00101
01111
01010
10001
00011
11110
11110
00111
10101
01010
11001
01111
10001
01111
00011
10101
10010
