11011
01110
10111
11100
00100
11110
11100
11011
11010
11110
11001
11111
10011
11010
11001
11101
11001
00110
11011
11111
10011
11110
10001
11111
10111
11101
01100
01100
11000
11011
11100
00110
11000
11100
01110
00111
10100
11010
00111
01111
10010
01110
10011
10101
10110
11111
01110
10011
11110
11110
11010
11100
11111
11011
00110
01011
11110
11111
11001
10101
11001
00110
11110
11111
10101
01111
11101
11011
10110
00100
11000
11110
11010
11010
00110
10111
11010
10100
01111
10110
10110
01001
01011
10001
00011
01011
10111
11100
11100
11011
11010
10000
11111
11100
11010
11101
11100
11101
01110
10110
