11010
01100
11000
10000
00010
01110
11011
11110
11001
01101
10011
10011
10101
11010
11100
10011
01100
11101
01110
10110
01100
11111
11110
11110
01000
10100
11011
01111
10111
01011
10110
11111
01111
11001
01010
01111
01100
00111
10001
11111
01110
11110
10101
01101
00101
11001
10111
10010
11101
11011
10001
10111
10011
11010
11000
10100
01111
11010
10001
10110
11011
11100
10010
11110
01011
00010
10011
11000
01011
10000
00110
01111
01000
10111
10101
10101
00100
10100
10111
10001
00110
00101
01000
10101
10110
01010
01110
11110
10110
10101
10011
10011
10011
10111
10100
00100
10010
10100
11101
11111
