10111
10111
11001
11001
11110
01100
11000
10010
10010
00111
01111
10011
11110
11101
11001
00101
01100
11010
11101
10110
11111
01101
10011
10101
01100
11111
00101
11010
00011
11010
00101
01111
11111
11110
00011
01101
11001
10100
11111
10110
11011
11110
11110
10010
01100
11101
11100
01001
11100
01001
01110
11110
10011
10001
11111
11110
10010
01101
11101
11110
10001
10000
11000
11000
01011
10110
10111
00110
01110
11010
10110
11010
10101
01111
10100
11011
11111
10111
10011
10111
11001
11011
11011
01110
11110
10001
11111
11111
01000
10010
11110
00011
01111
11100
10001
01011
00111
11010
11011
01111
