11101
01111
10010
11100
01001
01011
10110
10000
10101
10101
11100
11001
00101
01010
10111
11001
11000
10011
11100
11111
10111
11011
11111
10111
01101
10111
11101
00100
01000
00100
10011
01110
00111
11101
10011
11110
11110
11111
00010
00110
11110
11011
10110
01100
11111
10101
11011
01001
10100
00011
01110
11001
10000
01011
01100
11111
00110
00001
11111
10010
11101
01111
11101
00011
10001
01110
11101
01010
11111
10111
10011
10010
11111
11011
01011
11111
10100
01100
11001
11010
10100
11010
01100
00111
01111
10110
10011
11011
01011
00011
11100
01001
11101
11100
10010
11000
00111
00101
01101
01111
