00000
11100
01011
01011
10101
01001
01010
00110
10111
01111
10000
00000
11010
01101
01000
10100
10100
01111
11100
10001
10111
11101
11111
10100
01001
11110
11101
00010
01111
10010
10110
11000
01011
11111
11110
10101
11110
11101
01111
01000
11101
11110
10010
11101
10110
10001
10100
10111
10001
10100
10001
10100
11111
10110
11010
11000
01000
10000
01010
10011
10100
10001
10001
10110
00111
10011
01001
11111
10000
10010
00001
10011
11101
11100
11010
01001
10011
11110
11011
01101
11100
00110
10111
11100
01100
11100
01000
01111
10011
11100
10010
11110
10100
11000
10110
11010
11000
10111
10101
01100
