11111
10000
01101
11011
01000
10000
11010
01110
11100
11001
01111
01000
01011
11110
10001
10100
11110
01100
11111
01110
10110
11101
10100
11011
10010
10111
00110
01001
11010
10101
00110
01001
10001
01111
10001
11001
11100
01100
01010
01000
11001
10010
00110
11011
01001
11100
10010
11001
11001
11001
10001
11011
11111
01101
11100
01110
11111
10100
00111
11001
01101
10111
11010
11001
00000
00010
11111
11110
10110
11000
11001
01100
10000
11101
01000
10100
10100
01110
11010
01000
11010
11111
01110
10011
01111
11000
11101
01110
01001
10111
10101
10000
10100
10100
11101
10101
10100
10001
00110
11110
