11100
10111
11111
10111
11111
10011
11101
11100
10110
10101
10001
01101
11011
11011
11100
11100
11111
00101
10000
01111
10011
11100
01100
11001
10011
01011
10111
11100
11011
01110
10011
10100
11100
11100
10110
11000
10100
10100
00100
10010
10100
11001
11001
00100
11001
10111
01110
10000
10110
11011
11000
10011
11100
10011
10110
10110
11110
11011
01011
11010
11001
11000
10001
10110
11111
00111
10010
11011
11100
00011
11000
01011
10011
10101
01000
10100
11101
10011
10110
11101
10011
01101
10011
11010
10001
10011
01111
01000
11100
01111
00001
11100
01001
00110
11111
11111
11010
11100
11001
11011
