11111
00111
10100
01110
11110
01110
11010
11001
01110
11000
11011
11100
01111
11100
11100
11000
01100
00101
01101
10011
10001
10110
11001
11001
11100
11011
01101
11101
10010
11111
10101
01011
10100
10111
11100
11010
10011
11111
11000
11111
11011
10011
11000
10100
01101
11100
11001
01010
10110
10110
10110
01111
01111
11000
01100
01100
11101
00100
10111
11110
11010
11001
11011
11010
10100
10001
10100
11100
10010
11110
01101
11110
11111
01011
11000
11111
10100
11110
00001
11000
10111
11000
10101
10110
00110
00100
10000
11110
10111
10110
10110
01100
01101
01011
11001
10111
10001
00110
01011
10000
