00111
10011
01100
10100
10101
11100
10100
10101
01111
01101
11000
00110
11110
11111
10110
01000
11111
11111
11111
11101
11011
11110
01000
10100
11110
01001
11100
11011
11001
10011
10010
11010
01111
01110
10111
00101
10011
10011
00101
00111
11010
11011
11001
11001
01011
01111
10010
00110
11101
11000
01101
01111
01110
10001
01100
10010
01000
01111
11110
10011
11111
00110
01100
01111
11101
01011
10000
10111
00111
11101
00001
00101
11010
10001
10000
11011
11110
11101
01111
01110
10011
10100
01101
10000
11110
01000
10001
11011
10101
11011
11011
11011
01010
01110
11111
01111
11100
11010
01110
01000
