11111
01110
10011
11011
01001
11000
11011
01111
10110
11110
11100
10101
11000
11000
10111
11111
10010
11010
10111
11010
01111
10111
11110
11100
00101
11001
11111
01110
01110
11110
10111
11010
01100
10010
10111
00101
10001
11101
01110
11111
10010
10110
10001
10100
01011
11000
10010
11001
11101
10000
11110
11110
11111
10000
10011
11111
11111
00001
10000
11111
11111
01110
10011
01011
11010
01111
11111
00110
11101
11100
11011
11100
10010
01111
01011
11100
01111
10111
11110
01110
00001
11000
11001
01110
11001
01110
00010
10000
01001
11011
11001
11101
11101
11010
11001
10100
10010
11011
10111
10100
