11001
10010
11001
11101
10110
11110
00110
00100
11000
00011
10010
01111
11000
01101
11010
00111
10001
11111
01000
10001
11111
10011
10101
11111
10011
10100
11010
01111
11110
11010
11101
11101
11001
11101
11111
11100
11111
01101
01000
11101
10001
10111
11110
01001
11010
00101
00110
11010
11100
11101
11111
00000
01001
01000
10010
11110
01111
11011
11000
01101
10100
11011
10111
11110
11110
00111
00001
11101
10111
00110
01110
11101
01101
10010
01100
11101
11011
11100
11001
10110
11111
01000
01110
11101
01000
10001
00111
10011
00110
01111
10111
01000
01110
10011
10001
11110
01010
10001
10000
11111
