10111
10000
11001
11100
11001
10000
01111
11100
11101
01001
10101
11001
00100
11011
10011
10101
11011
10000
10110
11001
10100
01001
01001
11001
01101
11011
01011
10001
01010
11100
11110
00001
01111
01101
01010
11101
00111
10011
11011
10110
10011
01110
11110
10010
10011
11111
11010
01110
11000
11011
11000
10001
10111
11001
00011
00011
11110
11100
11010
11100
10110
10011
11110
00011
00110
11001
11110
11111
10101
11110
11000
10101
10110
01111
11001
01100
11011
01111
11001
10001
00111
10100
11100
10101
01001
01101
01110
10011
00011
10001
11000
00101
00110
11011
00011
01100
01110
10110
11100
11000
