01000
11001
10110
10001
10100
01101
01111
11101
11000
11111
11111
10011
11101
01111
10100
01001
10100
10001
10100
11011
11101
00101
11010
10011
11011
11010
00010
10110
11100
10100
10011
11011
10100
01000
01110
00101
11110
01001
10101
01000
11011
11011
10101
10110
01000
11010
10011
11111
10010
11111
10010
11100
11001
00111
10100
01110
11011
11111
00011
01101
10101
10100
01110
01100
10011
00011
10001
00111
00011
11111
00111
11100
11100
11101
10000
10110
11101
00110
01011
11100
10111
01001
10100
11001
11100
11001
11010
10110
11101
11100
10010
10001
01001
11100
11111
10101
11010
11010
11000
01101
