10100
01111
11100
11001
11000
00011
10110
10100
10010
10111
00111
00001
10011
00011
11111
01101
10010
11111
11011
11110
10000
11110
10011
00111
01101
10001
01000
11111
10010
11110
11011
00000
11101
01110
01100
10001
11000
10100
01011
11010
11010
11111
00011
01101
11011
11001
10101
11011
10011
00111
00100
11101
11101
01010
11001
10100
10100
10100
01110
11100
00011
01111
11000
01000
01100
11111
11101
11100
11001
10110
10111
10010
11000
10001
11101
10000
11000
00101
11010
11111
11001
11010
10110
11000
01110
00000
10111
10011
00100
11111
00011
11101
01111
10101
10111
01100
10110
10100
10010
00100
