11001
10101
01001
00111
11111
11111
11001
11101
11110
00010
11111
01011
11111
10001
10100
11100
11011
11101
10101
10010
11110
01111
01100
10100
10001
11000
11110
10011
01111
11101
10100
11111
00000
01101
00110
11001
01011
11011
01100
11111
10110
11110
00011
10011
10111
11100
10100
01110
10100
10001
11010
11111
11100
11111
11011
11010
10110
11010
10100
11111
01000
01110
10001
01011
00111
01011
11101
11101
11101
10010
11010
10000
01110
11011
01111
11110
11010
00111
01111
10000
11001
10000
01100
01100
11101
11011
10100
11101
11011
11100
11110
00111
11111
11010
01110
11111
00111
01101
10101
11100
