01100
10000
11110
11000
11001
11101
10000
11111
10100
11111
11111
10000
10100
00111
10011
01111
01101
11101
11101
11111
11001
10010
11100
11000
11100
11000
10000
10011
00000
10110
11101
11000
01110
11111
11101
01000
00101
10011
10100
11111
01011
01111
11001
11111
11010
10011
10011
10001
00111
00101
01001
10100
00010
11100
11100
11111
01100
10011
11111
11011
11110
01101
10011
11110
11000
10011
11010
11100
01111
10101
01001
01000
01111
11011
11011
10111
10010
10011
11011
10101
10000
01101
01000
11100
10101
11000
11010
01011
10111
11101
11011
11101
10111
11111
11110
11010
10010
00100
11011
11000
