10000
01101
11001
10101
10001
11010
11000
01101
10010
01010
10111
11001
01110
10001
11101
10010
10010
11010
00110
01100
11010
10101
10110
10110
01100
10010
11100
11111
10010
10110
10011
00010
11101
10101
10001
10110
11010
10100
11101
11100
10110
10010
11001
01111
00101
01000
10111
11111
10010
10011
11100
10110
11001
11000
01010
10011
11001
10111
01110
00011
10011
10000
10111
11011
10011
10001
01111
11101
01001
10001
10010
10001
11110
01000
11111
10000
10011
10110
10011
01000
11010
10100
11100
00101
11100
11111
11111
11101
01001
10010
11110
11101
11011
10110
10010
11011
01000
00110
01101
10000
