11010
01101
10001
11011
01110
01001
11010
11110
11111
01011
11011
10001
11010
10101
11001
11000
11111
11101
10100
10001
10111
11101
10011
11100
11011
00111
01000
00111
11100
01110
10101
11111
10011
10111
11011
10111
10101
11010
11110
11111
11000
00101
10110
10110
11111
11001
01111
11100
01001
11010
11110
01111
11101
11100
01000
11000
10101
11010
01111
01110
11101
10111
10111
11001
10000
01011
01000
11101
00101
11110
11001
10011
11101
10101
11111
10100
10010
11111
01111
10010
01010
11100
11000
10000
00111
01111
10011
01101
11110
10101
10110
00101
11010
10001
11001
10011
10100
01101
11101
01010
