01101
01011
01010
11100
00010
00001
10111
00101
11100
10111
10111
10110
11011
11100
11100
01001
11010
11101
10010
10011
10010
10110
11110
01101
01000
10001
11001
01101
01001
11001
11101
01100
11110
11000
11100
10010
11111
01001
11111
11000
11000
00000
00110
10010
11111
01011
11100
01111
11110
11111
10101
11001
11100
00111
10110
11010
01111
01010
10001
11100
01110
11000
00100
11100
11100
11101
11001
10101
11010
11101
00100
10010
11111
11100
01110
11011
10000
10011
10111
11100
10010
10110
10011
11011
10001
11011
10111
11100
11101
00011
10101
10010
01111
11001
01001
01110
10010
10010
11010
01010
