11110
10010
10110
11110
01101
10100
00101
11101
11100
10110
10100
11101
10111
01010
01111
11100
11001
11011
01001
11100
11000
11101
10101
10000
11101
01100
11011
01000
01010
01010
11101
11010
01010
10011
11100
01111
10101
11111
11110
01111
11101
01001
10011
01100
11101
10000
10101
11111
10011
10011
01101
11100
10111
00101
01110
10011
10000
01111
11110
11111
10110
11101
10001
11011
10011
10110
11010
01000
10110
11101
00111
10111
11101
10010
10111
11000
11011
11010
01011
01111
11100
10010
00100
00110
10000
10101
11111
01100
11011
10011
11011
10010
11110
00101
11110
11010
11010
11110
01101
11101
