00011
11011
11111
11101
11010
11001
11111
11111
11010
01110
01100
11100
11111
01101
10001
10010
11000
11001
10010
01111
10110
11110
11110
11010
01111
01000
10101
11100
11100
10000
11111
11100
11110
01101
11101
10011
10001
11100
11010
01000
11101
01101
01111
11010
11100
10001
11001
11101
01011
10110
11011
11101
00001
10100
10111
11010
10010
01000
11010
11011
01100
00111
11010
01101
11100
01111
01010
00101
00111
10100
00100
11010
10001
11111
00011
10001
00110
10111
10000
00110
10100
10001
01110
01111
10100
00111
00111
10101
11101
10011
01111
10110
01101
01111
01100
11101
11010
01111
10111
11111
