11100
11110
00000
10000
01100
01100
11111
11101
11101
01100
01101
01101
11111
10011
11100
11001
10010
01111
11011
10111
10110
10010
11110
10000
01000
10001
01111
11010
10101
10010
01011
11000
10011
01110
10000
01111
11111
10011
01101
11001
11000
10011
01101
01100
00100
11101
11111
10100
01001
01000
10001
00100
10001
11011
00111
11111
01001
11010
10100
01001
11000
10101
10011
10010
10110
00100
11110
01111
01011
10110
00010
00011
11011
11110
10111
11011
11001
10101
11110
11110
00000
11001
10001
11111
10100
01101
11000
11101
10111
11010
10010
10110
11000
01000
11110
11100
11010
11001
10100
11101
