11000
10110
11100
11010
11101
01110
11111
10011
11110
11111
11011
11000
00001
11101
11010
11111
01110
00111
01101
01110
11110
11100
11111
11010
10011
00111
11011
11111
11000
11000
10111
11001
01100
11100
01100
11011
10010
10010
11100
11001
01000
11011
01000
11100
10011
11000
11110
10111
11100
01111
10111
10111
11010
11001
10011
00110
01101
11001
10110
10010
11110
00100
11011
00111
10000
00011
11010
10111
10100
01001
11111
10000
00101
10010
00011
11100
11001
01101
00100
01010
11110
11110
01101
00101
10101
11100
10110
11100
11100
00101
11001
10011
11100
11111
01110
10111
11001
10100
00111
11100
