10010
10110
10101
01100
10111
11010
11010
01001
11100
11001
00100
01100
11110
10100
11110
11001
11010
11001
11101
11101
01001
11100
11010
11001
11010
00001
11010
01011
10111
11001
11110
10010
11001
01111
10100
00100
10000
10010
11010
11111
11110
11100
01101
10111
10111
11100
00000
11001
11100
01011
11110
11111
00111
11000
01110
10101
01111
11001
11100
10101
00100
11111
11010
10101
11110
11000
11110
10110
11111
11000
11000
11111
10011
11110
11011
01010
10110
10110
01101
10110
10111
11001
10011
10101
01101
00100
00110
10100
11110
00100
10101
10010
00111
00101
11101
11100
11111
00110
11010
11110
