01111
10101
11101
00111
01111
10011
11001
00111
11110
01001
10110
01111
01110
00101
10011
10100
01110
01110
10111
10010
11011
10110
11100
01111
00110
11011
11110
11011
01000
11110
11101
11101
11100
01110
11000
10011
00111
11010
01110
01111
10101
00010
00000
11001
11010
11101
11110
10000
10011
11110
10001
11010
11111
00100
10101
10110
11111
01111
10010
00111
01101
10100
11010
11101
11100
11001
01100
01111
11000
01111
11111
11111
01000
11010
11111
01000
00111
11100
01001
11010
11010
10010
11100
11011
11110
11110
10010
01001
10110
10111
01000
11111
01110
11010
11000
10011
10010
11111
01100
11110
