10110
01100
10111
01111
01110
11110
11011
11111
01000
10111
01111
11111
11101
00101
01000
01111
10000
10111
10101
01111
10001
00100
11111
10111
11011
10101
11001
11000
10110
01110
10100
10101
11011
10011
10000
01110
00100
11100
11101
10010
11011
00111
10110
11000
01110
01111
11000
10100
10010
11100
10010
10111
01100
11110
10000
11111
11000
10011
10100
10110
00101
11110
10101
10111
10101
11100
10111
11010
01001
10110
10111
10001
00010
00001
10111
10001
10111
11001
00011
11011
01110
11111
10111
10011
00011
11011
11101
11101
10110
10000
11111
11011
10110
11100
10001
10101
00011
10010
11010
00111
