01111
10011
11011
11110
10111
00110
11111
01110
10010
10100
10111
10101
11101
10110
10011
10100
10101
00101
11100
01111
11110
10110
11100
11100
11101
11111
11111
11110
10010
11110
00011
11100
00110
10111
10110
10100
11011
10110
11001
11111
10100
11011
01011
10110
00011
10110
00100
11100
11101
10000
00011
11111
11111
11000
00010
10100
10010
10101
01011
00101
11101
01001
10011
10111
00011
01010
11001
10110
01001
10111
10011
01100
11111
11011
10111
10010
10111
01111
00111
11110
11010
10001
10010
01111
11000
01000
01110
11010
11100
11000
11011
00000
11011
11110
11101
10100
10010
11100
10010
10000
