00100
01100
10111
11101
11011
11001
01001
00111
01110
11010
01111
00111
11001
10111
10111
11110
10111
01101
11101
11010
01000
10101
11001
10100
11001
11100
11111
00110
01011
11010
01001
11100
10110
10000
11100
10011
00010
10111
11011
10110
10110
11011
10001
01011
10011
01110
10101
01101
10111
11000
11000
01100
11011
00001
11101
11101
11110
01100
11010
11111
10000
10011
11111
10011
10001
10101
10010
11000
10100
11001
11010
00111
01101
01111
11010
00101
01100
11111
10011
00101
11101
10100
10001
10111
01101
10101
11010
11101
10101
11010
11101
01001
10000
11110
10010
11101
11111
11000
01110
11111
