01111
11011
01011
10111
01011
10101
00000
10010
01101
10110
00100
10011
11111
11101
01101
10001
01111
01100
11000
11011
10111
11111
11001
01110
11110
01001
10001
11010
11000
10111
11000
10110
11110
01011
10011
00001
01111
01000
11000
11010
10001
00001
10010
10111
10110
00111
10101
10000
11100
01110
11011
10010
10011
10111
10111
10110
11011
01111
10010
01111
01001
10010
10011
01101
00100
11010
11011
01000
11111
10101
11011
10001
11111
11010
10010
11101
10100
01000
10111
10001
10111
00111
10111
01001
01101
00110
10110
11100
11001
11101
11110
10100
01111
01010
11101
01000
10010
10010
10111
11100
