10010
11011
11100
11001
01110
10011
00111
10111
11001
11111
01101
11000
11101
11010
11110
11111
10000
00001
01000
11010
00100
11110
11011
11101
11110
11111
10101
00111
10110
00001
10000
11011
10001
01100
10110
10100
01011
11100
00101
10111
11000
00001
01000
10001
11101
11011
11011
01111
10010
11111
11101
10110
11101
11011
11011
10011
11101
10001
10110
11001
00101
10010
11110
11111
11101
11111
01111
11001
10110
10101
10101
11001
01000
11101
10011
10100
10010
11111
10111
11101
11011
11000
11111
10100
11111
10100
11100
00111
11000
11100
11100
11001
10100
11100
11110
01101
11110
11011
11100
00010
