00110
11010
01111
10111
11011
11100
11101
10111
10110
01111
11001
10100
11101
11111
10001
10011
01011
11111
01010
01011
11100
10011
10101
01111
00101
10101
10010
11011
11000
01001
10100
11010
11011
11100
01101
01011
00100
10101
11101
10101
00010
10111
01101
11001
11100
10001
01000
10010
10101
10010
01001
11101
10010
11111
11101
01100
10100
00111
10110
11110
01111
01000
11010
10000
11111
10100
11110
00010
01001
10000
00110
11001
11100
10111
11000
11110
11110
10110
10010
11100
11110
11000
01100
00010
10101
00111
11101
10010
10100
11010
01000
11011
10111
10000
11000
01001
10111
11100
01010
01100
