11001
10011
11111
10110
01100
01000
11101
11011
11100
00011
11011
11000
10111
10011
10010
00111
11111
00100
00100
11000
11000
10010
11001
01111
11000
11110
11110
01101
10110
11000
10001
10001
11110
10011
10101
01111
10110
10001
00001
00111
11110
11001
00010
00111
10101
10100
01111
10010
11010
01101
01111
11101
01000
11001
11001
01000
01000
10101
11111
11100
00100
11011
10100
10001
10111
10000
11000
01101
01010
10100
11011
10110
11110
10011
10111
01111
11011
01110
11111
10110
01011
11110
10111
11011
01111
10101
11101
11011
01110
01111
11101
11010
01111
11101
11100
11001
00101
10000
11110
11110
