11100
10001
00111
11001
10101
10100
01110
11101
10111
11101
01101
00100
11011
10010
01101
11101
01100
10101
11100
01010
11010
10100
00011
01101
11011
11110
11101
11000
11101
10101
00110
01011
11001
01101
01101
01000
11110
11001
00100
01110
10011
11110
11001
01000
11101
01110
10110
10100
01111
01101
10111
01100
11110
11110
10011
01100
11011
00111
00111
01100
01001
01000
11101
11101
11110
01101
01101
01101
01110
10011
10001
10100
10010
01111
10001
10101
10101
01010
11000
10011
00101
00011
11010
11000
11110
10000
11100
10101
11010
11111
01001
10111
10110
11101
01001
00011
11110
01000
11100
11001
