00110
11010
11100
11010
10111
10010
10011
01001
11010
10110
00101
11010
11110
11011
11110
00111
10001
00111
01110
10010
00111
01000
11110
01100
10011
10001
00100
10011
01011
10111
10110
01111
11101
00011
01110
01011
10101
11001
01000
11011
11001
01001
01111
11010
00011
00001
11001
10101
00111
10011
11111
11011
10111
11011
01111
11000
11001
01100
11010
10101
01101
01110
01101
11001
01101
10101
01110
11101
00100
01101
11001
11011
11111
11000
01001
00010
11011
11101
01110
10100
10101
11110
01010
10101
01111
01010
11100
10001
11001
11010
10101
11100
00111
11111
00100
01110
10001
11111
10010
11100
