11101
10011
01111
01111
11111
01101
10111
00111
11011
10111
11001
01001
00111
11001
11011
01101
11100
11101
10101
11111
11111
10001
11000
01110
10001
10011
11100
10000
01011
11000
11001
11000
00011
01110
10101
00010
00100
11001
11100
11100
01110
01110
11001
11100
01011
11100
11110
01000
01111
10111
10001
11011
00111
11011
10111
00100
10000
11001
10111
01111
11111
11110
11101
00101
11000
01110
11001
01101
01010
11111
10101
11010
11001
10110
10111
01111
11111
10110
11111
11100
11011
01100
10101
10101
10100
10000
11010
01110
10101
00011
11111
10001
10010
10011
10001
00100
11110
10001
10001
01001
