10011
10100
11000
10010
01100
10000
01110
11110
11101
10000
10011
10111
00111
11111
01000
01000
10100
10000
01100
00011
11000
11010
01100
10101
11010
11110
10111
01110
11000
11001
01110
01111
01111
00100
10100
11101
11111
10111
11100
10001
11011
00011
11000
11111
11111
10111
11000
11100
11100
11110
11001
11000
11110
11010
11101
01111
00111
01101
11111
11001
10011
11110
10000
01001
11101
11100
10110
10110
11101
11000
11100
11101
11010
01100
11010
11111
11111
11010
11010
10011
10000
00101
10100
00110
00100
01110
10111
11111
00100
11111
11011
11001
11110
11010
01101
00110
01110
11011
10110
10010
