11100
00100
01101
11111
01111
11110
11100
01000
11011
10100
00010
01001
10110
10101
10111
00010
01110
01010
11001
01011
01110
10000
11100
10000
00010
00100
11010
11110
01111
10101
10101
01111
10100
11000
01000
01111
10110
10111
01110
11111
10011
11010
11001
11000
01110
10101
01101
11100
11001
10110
11001
01110
10011
11101
01011
01100
11111
10000
11001
00101
11111
00110
11000
11010
00000
11101
11101
11111
11100
11011
01111
10000
10000
01000
00001
11100
11000
10011
01000
01100
01000
00110
00111
11101
00001
10011
11011
00101
11100
10010
10100
11000
00100
11101
11011
11101
00011
11010
11101
11110
