11000
11100
01110
10011
11111
01100
00111
11001
11000
00110
11011
01011
01110
10101
11100
10101
01001
11010
11000
10011
01100
11111
00101
00100
10011
11110
01100
01111
10111
01100
00110
10110
10010
10001
10100
10000
00101
11100
00101
00001
00101
11111
01100
01010
11100
11111
11101
11111
11111
00010
11100
10011
10101
10001
01100
11100
10011
10011
01001
01001
11101
10110
11001
10011
10000
10010
10111
10111
11100
10000
10010
10000
01101
10110
00110
10000
10111
01000
10100
11001
00011
01100
11000
11100
01100
11111
10001
11011
00100
01110
10100
11101
10111
10110
11010
11101
10001
10001
00110
00110
