11001
01111
10000
01010
01100
10111
10010
01001
10001
10011
00101
11011
00001
01100
01000
11010
11100
10011
00101
10111
11011
11110
10100
11001
11001
10111
00000
10001
00010
11101
11110
10100
11101
10100
10110
01111
10101
11101
10101
11010
11101
11100
01101
00101
11001
11111
11011
11010
10101
11101
10100
00010
10001
01110
10100
11101
11111
10011
01101
00100
10111
10000
11100
11101
00000
11110
11001
11000
00110
11101
11001
11011
01100
10011
10111
11100
10111
11111
11011
01001
11011
01110
11101
11110
10011
10001
01101
01110
11010
00101
10101
11101
10110
10111
10111
10100
11111
10000
01100
10101
