1110
1111
1110
1100
1110
1010
1100
1001
1100
1110
1100
0101
0010
1100
1100
1111
1010
1111
1101
1110
1111
0001
0010
1010
1110
1100
0110
1110
1110
1001
0101
1100
1110
1001
1100
1100
1111
1100
1110
0011
1001
1110
1010
1110
1111
1110
1111
1100
1110
1111
1110
1101
1110
1110
1100
1010
1001
1110
0101
1100
1100
0101
1110
1101
1001
1111
1100
1100
1111
0110
1001
1111
1010
0101
0011
0101
1110
0011
1111
0011
1110
1111
1111
1110
1110
0011
1110
0001
1111
1110
1101
0010
0110
1100
1111
1111
1111
0010
1101
1110
