1010
1101
1010
1111
1001
1001
0111
1111
0110
1100
0010
1110
0011
1100
1001
1110
0001
0101
0101
0011
1110
1110
0001
1111
1111
1101
0010
1100
0011
1111
1101
1111
0101
1110
1111
0011
1101
0010
0101
1111
0111
0001
1111
1111
1001
0111
1100
1110
1100
1110
0011
1111
1001
0111
1110
1110
1111
1111
1101
1110
0110
0001
0111
0111
1110
1110
1001
1111
0111
0010
1001
1100
0111
0101
1111
0111
0011
1100
1010
0011
0111
0111
0111
0001
1010
0111
1101
0010
1101
0010
0101
1110
1111
0011
1110
1110
0110
0010
1110
0101
