1101
1111
1111
1110
1101
0010
1110
0011
1111
0111
1010
0111
1101
1100
1100
0011
1100
1100
0011
0110
0111
0110
1111
0111
0111
0001
1101
1101
1001
1110
1111
1111
0110
1111
1111
1111
0101
1110
1110
0111
0111
0110
1110
1001
1001
1110
1111
0111
1100
1110
1111
0110
0001
1010
0110
1010
1100
0011
1100
1100
0010
0110
1110
1110
1001
0111
0001
1101
0111
1111
1101
1110
1111
1010
0001
0110
1100
1101
1101
0111
1100
0110
0101
1110
0110
1101
0010
1110
1001
0010
1110
1110
1111
0001
1010
1100
1100
0011
1110
0101
