1100
0100
0010
0010
1011
1101
0100
0011
1100
1011
0011
0100
0000
1001
1001
0001
0000
1000
1010
1111
1000
0000
1000
1100
1000
0100
0110
0000
1101
0111
1110
0111
1111
1000
0001
0100
1101
0111
0100
0001
0100
0011
0000
1010
1011
0100
0001
0100
1101
0101
1111
0110
0001
0010
0001
0001
1001
1111
0011
1000
0100
0110
1011
0111
1011
1000
1111
1010
1011
1000
1001
1110
0110
1000
1001
1110
1101
1011
1010
1011
1101
1010
1110
0100
0111
0100
0010
1100
1001
0011
1001
0000
0000
1011
0000
1100
0100
1100
1100
0100
