0011
0010
1000
1100
1111
0111
0101
0111
0101
1010
0001
1001
0000
1111
0001
0111
1110
1011
0101
0001
1110
1101
1100
0101
0011
0011
0010
1000
1011
1110
0110
1111
1101
0110
0000
1110
1000
0011
0010
1101
1101
1110
1000
1110
1010
1000
0011
0001
1101
0111
0101
1100
1101
1011
1110
0001
1000
1010
0000
1110
0000
1000
0001
1010
1101
0011
1000
0111
0010
0010
0111
1000
0010
1000
1111
1101
0011
1010
0001
0000
1100
1101
1001
0111
0000
1010
0111
1011
0101
0100
0001
0011
1101
1001
1000
0001
1011
1011
1001
0111
