1000
0000
1101
0010
0001
1101
1100
1000
1110
0010
0011
1000
1100
0000
1111
1010
0001
1111
0001
0010
0000
0010
0000
0010
0011
0111
1001
1101
1010
0100
0110
0100
1001
0100
1001
1110
1011
1110
0010
0110
0010
1100
0011
1100
0011
1001
0100
0110
1011
1010
1110
1001
0001
1010
1000
1111
0001
0101
1010
1000
0111
0100
0010
0110
0110
1110
0001
0111
0111
0101
1000
0011
1100
0101
0101
1110
0000
1001
1011
0101
1010
0001
0000
0111
0001
0001
0000
1110
0011
0000
1111
0010
1110
1011
1110
0001
0000
0100
1000
0111
