1011
1001
0100
1001
1100
0011
0100
1011
1001
1001
1000
1011
1110
1110
0001
1011
1000
0010
1101
0100
0110
0101
1111
1000
0101
0110
0000
1110
0101
0100
0101
1100
0110
1101
1100
1111
0000
1111
0101
1001
0010
0000
0100
0110
1111
0011
1000
0110
0111
1010
1101
0010
1110
0000
0010
0101
0010
0000
0110
0001
0001
0011
1111
0111
1111
0101
0010
1100
0100
1010
1010
1000
0010
0001
0100
1101
1101
1111
0011
0110
0001
1010
0111
1101
0010
1011
0110
0111
1001
0100
0000
1011
0111
0000
0001
0101
1110
0110
1000
1110
