0011
0011
1110
0001
1001
1111
0110
1010
1111
0101
0011
0011
1111
0011
1101
1010
0111
0011
1011
0100
0110
0101
0100
0000
0011
1011
0011
0011
0001
1010
0000
1001
1001
0110
1001
0000
1110
1000
0111
1001
0100
1001
0101
0001
0001
1011
1100
0000
1101
0010
0010
0111
1011
0101
1001
1111
1110
0001
0110
0110
0001
1001
1111
0111
1010
1000
0101
0100
1010
0110
1010
1101
0010
0110
1001
0010
1111
1110
0011
1111
1001
1110
1111
0000
1101
0000
1100
1000
0101
1001
0010
1001
0010
0000
1111
0111
1111
1011
1000
0010
