0000
1010
1010
1110
1111
1110
0001
1011
1011
0110
0100
1110
0011
0101
1010
0100
0101
0110
0001
1010
1000
0001
1100
0001
1010
1101
0010
1100
1100
0000
0100
0001
1001
0100
0000
1011
0111
1000
0010
0011
0010
0001
1101
0101
0001
1101
0000
0011
1001
0100
0101
1110
0010
1111
0110
0011
1100
1001
0001
0010
1000
0110
0100
1011
1000
0111
0111
1100
0001
1010
1111
1101
1001
0011
0110
1011
0001
0010
0101
0001
1001
0000
0001
1100
1011
1010
1111
0001
1001
1100
0111
0010
1110
1010
1111
1000
0010
0001
1100
0110
