0010
1110
0101
0110
0011
1000
0011
0001
0000
1010
0101
0111
0011
1010
1000
1001
1111
1101
1101
0001
1010
0110
1000
1110
0010
0101
1100
1100
1000
1110
1000
1101
0110
1000
1001
0101
0110
1101
0011
1110
1111
0111
0100
0000
1001
1110
1010
0111
1101
1011
0010
1110
0000
0010
0101
0001
1001
1110
1101
0001
1100
0000
0000
1010
0000
1011
1100
0001
0011
0101
0100
1010
1001
1101
0100
0001
1001
0101
0011
0101
1001
1101
0110
0011
1000
0100
0110
0111
0011
1100
0100
0010
0000
0001
1100
0111
1101
1000
0001
1000
