1000
1011
0100
1101
0011
1111
1110
0010
0010
1110
1110
1110
1111
0000
1011
0011
0111
1101
1100
0000
0101
1000
0101
0110
0000
0110
1100
1011
1110
0000
0001
1010
0111
0100
1000
1101
0001
1001
0000
0001
0010
1101
0110
1010
0000
0001
0011
0111
0001
0000
1100
1100
1001
0001
0001
0001
1011
1001
0101
1011
1100
1011
0101
0110
1110
0001
0001
0011
0111
1010
1101
0011
0101
0010
1001
1010
1100
0000
1000
1010
1000
0010
1100
0111
0110
1000
0100
1010
1010
1000
1110
0100
1011
1010
0100
1101
0000
1100
1000
0101
