0101
1111
0100
0101
0101
1100
0100
1100
0010
0011
0101
0001
0001
1000
0001
1110
0000
0111
0101
0010
0111
0001
1110
1100
0101
1100
0110
0001
0110
0000
0000
0111
0001
0110
1101
1010
0010
1100
1001
1010
1000
1100
1111
0010
0001
0011
0000
0001
1101
1010
1111
1011
1111
1000
0001
1010
0100
1010
1000
0111
1111
1001
0101
0111
0010
0100
1110
1001
0110
1000
1100
0011
1101
1011
0001
0001
1011
0000
0000
0000
0100
1100
0010
1010
0011
0011
1011
0111
1000
1001
0100
0111
0001
0101
1111
0001
0111
1111
1000
0000
