1010
1011
0000
1011
0000
0001
1100
0100
1101
1110
1101
1000
1000
1111
0000
1110
1000
0111
1111
1000
1111
0011
0001
1101
1010
0011
0101
1111
0110
1011
0110
0010
0111
1001
1111
1000
0011
1100
0001
0011
1100
1001
1001
1101
1101
1000
1110
1001
0000
1101
0110
0001
1010
1001
1110
0111
0100
0100
1001
0000
1100
0111
1011
0100
1011
0001
0011
1001
1111
0011
0101
1101
0011
0001
1100
0101
0110
1101
1010
1010
0010
0101
0110
1111
1000
0101
0100
0010
1001
0100
1100
1001
0001
1001
0000
0100
1011
1100
0110
0001
