0000
0110
1110
1110
0100
0010
1000
0100
1110
0000
1100
0110
0001
1100
0100
1010
1111
0000
1010
0100
1010
1100
0011
0000
0011
1010
1011
1001
1001
1110
1110
0010
0001
0100
1101
0110
1010
1000
1110
0011
0100
0010
0010
1100
1001
0111
1001
1110
1100
0110
0101
0000
0000
1010
0110
1101
1011
1000
0100
1110
0111
1110
0110
1111
0000
1110
0111
0111
0010
0010
1101
0010
1110
0111
1010
1101
1011
1110
1000
1011
0101
1010
0110
1100
0000
0011
0001
1011
0100
1101
0110
0001
1011
1110
1011
0101
1110
1010
1111
1101
