1011
0111
1010
0001
0110
1100
0111
0110
0111
1000
0101
1010
1011
0001
1111
1010
0101
0010
1101
0001
1001
1111
1001
1001
1101
0111
1010
0000
1001
1001
1010
0001
0101
0100
1001
0011
0111
0101
0011
0011
1100
0110
1100
0100
1011
1101
1110
0000
0111
0101
0000
1001
0101
0000
1001
1000
0101
0001
1000
1010
0001
0010
0100
0111
0111
1000
0001
1011
1010
1001
1100
1100
0101
1111
1101
1010
0010
1010
1100
1011
1000
0110
1000
0111
1101
1001
1000
0101
0001
1001
1011
0110
0000
1000
1100
1100
1001
1101
1110
1110
