1000
1011
1101
0111
0011
0011
1111
1100
1111
1011
1100
1111
0011
1000
1110
0000
1100
1110
1010
1111
1010
0110
1011
1100
1011
1001
1100
0001
0101
1000
1010
1111
1010
1011
0111
0100
0100
0100
0011
1000
1001
0010
0101
0110
0011
0010
0110
0101
0110
0100
0101
0101
0001
0010
0000
0100
0010
0111
0110
0010
1011
0100
1111
0111
1010
1110
1110
1110
0100
0000
1111
1000
1100
0101
1001
1111
0000
0011
0100
1111
1010
1101
1110
0000
1000
0111
0001
1001
1000
0010
0010
1110
1001
0110
1111
0111
0111
1101
1010
1011
