0000
0001
1000
0111
1100
1100
1100
0011
0100
1010
1011
0111
0000
0111
0001
0000
0011
0010
1110
1011
1111
0011
0100
1101
1000
1011
1110
1100
1001
1011
0110
1101
1101
1101
1011
1010
1100
1011
0100
0000
0111
0101
0011
1001
0110
0101
0101
0100
0110
0110
1101
1110
0101
0111
0010
1001
0011
0111
1110
0001
0111
0101
0110
1011
0010
0010
1011
0101
0100
1111
0010
0110
0100
0110
0010
1100
1100
0000
0011
1111
1100
1100
0101
1010
0010
1000
1101
1111
0010
0111
0000
1001
0111
0001
0101
0110
1011
0110
1001
0011
