1010
1101
1100
1001
1001
1000
1101
1101
1101
1010
1011
1010
0100
0100
0110
1101
1011
0101
0110
1111
0001
0101
1100
1110
1110
1110
0100
1111
1101
1110
0010
1111
0101
0111
1100
0101
1101
1111
1000
1011
1100
1110
1100
0110
1111
1011
0010
1100
1011
1111
0010
1000
1011
0110
0110
0110
1000
0000
1111
0010
1111
1110
1010
1001
1111
0101
1001
0111
1100
1101
1100
0011
1111
0000
0111
1010
1001
0111
1111
1110
1001
1001
1110
0101
0100
1101
0010
1111
1101
1100
1000
0001
1001
1011
1111
0011
1111
1110
1100
1110
