0111
1111
1100
1101
0111
0110
0010
0101
1111
1001
0000
0101
1111
0111
1011
1000
1110
1011
1011
1001
0011
1000
1001
1101
1110
0011
1101
0111
1101
1111
0101
0101
0101
1011
1001
1111
1100
1011
1110
1000
1011
0001
1010
0001
1100
1110
1011
1101
0011
1100
1100
1001
1010
1111
1001
1100
1011
1001
1101
1001
1110
1111
0101
0110
1011
1010
1010
1111
1001
1111
1100
0011
1101
1101
1100
1001
1000
0001
1110
0100
0011
1010
0010
1001
1001
1000
1110
1011
0000
0010
1001
0001
1111
0110
1010
1011
1010
1011
1011
0011
