1001
0000
1001
1000
0101
0110
0011
0111
1011
1010
0110
0101
1100
1111
1111
1111
1011
1011
0110
1101
0101
1010
1000
0110
1001
0111
1100
1101
0111
1110
1000
1110
0110
1110
1110
1111
1001
0111
0010
1100
1111
1110
1011
0101
1000
0110
1011
1111
1101
0111
1011
1010
1110
1100
0011
0010
1011
1111
0100
1001
1000
1011
1011
1011
1010
1101
1010
1101
0101
1011
1010
0011
1111
1111
1110
1111
1100
1010
1001
1101
1101
1100
1010
0100
1100
1101
1101
0100
1101
1111
1101
1100
0100
0111
1100
1011
1001
0100
1100
0101
