0110
1001
0101
1001
0110
1000
1110
1000
1011
1001
1010
0111
1101
0100
0011
1111
0101
0110
1011
1011
1111
1111
0000
0100
0110
1010
1000
1100
1101
1110
1010
1100
1010
1100
1011
0111
1110
0101
1011
1110
1100
1101
0100
0110
1001
1000
1001
1111
1011
0111
1101
1110
1101
1011
1001
1110
0111
0100
0110
0101
1000
0101
1001
1100
1110
1111
1000
1101
1100
0100
1001
1111
1101
1000
1001
1010
1111
1101
0101
0100
1000
0011
0010
0100
1100
1011
1100
1010
0001
0010
1111
0110
0000
1000
0111
0101
1100
1001
0100
1010
