0000
1110
1111
0111
1110
1000
1000
1001
1011
0101
0100
0010
0111
1011
0111
0111
1111
1011
0100
0011
1110
1000
0111
1010
0100
1110
0111
1000
0111
1100
1001
0110
1101
1110
1010
1111
1000
0101
1100
1101
1010
1110
1100
0100
0111
1011
0100
1111
1010
1101
1001
0110
1011
1111
1100
1111
0011
1101
1100
1011
1101
1001
1101
1010
1111
0010
0001
1010
1110
1110
0011
0100
1110
0010
0000
1100
0110
0111
0101
0011
0001
0111
1001
1001
1000
1011
1010
1001
0010
0111
0011
1111
1011
1100
1110
1001
1110
1111
1111
1110
