0011
1010
1111
0111
1101
1111
1101
1011
0101
0110
1101
0011
1010
0110
1111
1010
0101
1100
1000
1101
0111
1101
0000
0111
1101
0111
0110
1001
0111
1001
1001
0100
1100
1001
1000
1100
1101
1001
1011
0010
0000
1101
1010
1110
1001
1001
1110
0011
0001
1111
1001
1001
1001
0110
1101
0110
1001
1010
1010
1100
0111
1010
0010
1000
1111
0010
1110
1001
1101
0101
1110
0010
0110
1101
0010
1101
1000
1010
0110
1101
1010
1110
1100
1101
1010
1000
1001
0010
0101
0011
1111
1100
1010
1110
0111
1101
1101
1111
1110
0010
