1010
0111
1001
1110
0111
0010
1110
0000
1001
1100
1001
1111
1001
1101
1011
1110
1101
1001
1110
0100
1101
1010
1100
0100
1110
1000
1000
1110
1110
1111
0111
0010
1001
0100
1101
1000
1011
0001
0110
0100
1111
1111
1011
1001
0010
0101
1010
1110
1111
1110
1110
1101
1110
1100
1000
1100
0010
1011
1101
0011
1010
1110
1000
0000
0100
1111
1100
0011
1001
1010
0000
1001
1000
1111
1111
1010
1101
1010
1110
1010
0001
1101
1001
0010
1100
1001
1010
1011
0011
1100
1101
0010
1100
0011
1000
1110
1110
0100
1001
1100
