1100
0001
0100
1000
1010
1110
1010
1100
1000
1101
0111
0111
1010
1000
1111
1110
0011
0011
0111
0001
1110
1011
1100
1100
0101
1101
0111
1011
1111
1010
0110
0100
1101
1111
0010
1001
1011
1011
0011
1101
0101
0111
1110
1101
0000
1010
1100
0100
1101
0011
1101
1000
0111
1111
1100
1111
0011
1001
0110
1111
1010
1111
0110
0110
1011
0011
1001
1110
1010
0010
1110
1000
1110
1001
1010
1100
1011
1110
1110
1000
0100
0101
1111
1010
1110
1111
1111
0100
0111
1110
1011
1010
0101
1101
1011
1011
1000
1001
1110
1000
