1000
1011
1111
0000
1000
1000
1100
0101
0100
0111
1000
1010
1010
0100
1110
0100
0111
1001
1100
1101
0111
1111
0111
1101
1011
1011
1011
0101
0101
1101
1001
1010
1011
0101
1010
1111
1001
1101
1101
1110
1011
1011
0101
1110
0011
1100
1110
0010
1001
1111
1110
1010
1100
1110
1111
1011
0110
0100
1110
1111
1001
1111
1101
0101
0111
0111
1001
1110
0111
0110
1011
1110
1000
1001
1100
1001
1100
1110
0110
1100
1110
1100
0110
0111
1010
1100
0111
1001
1001
1001
1101
1110
0011
1011
1011
1011
1001
1111
1111
0110
