0111
1101
1111
1001
1001
1011
0010
1011
1110
1001
0110
1011
1000
1110
1111
1001
1010
1101
1110
0011
1111
0001
1110
1100
1110
1111
0101
0011
1111
0100
1010
1101
1010
1011
1101
1010
1010
0110
1001
0000
1110
0111
1101
1100
1010
1110
1100
1001
1101
1110
1111
1111
1001
1111
1010
1001
0100
0100
1010
1011
0110
1110
0110
0101
1110
0000
0110
1000
0100
0110
1110
1000
1100
1101
0000
0010
1101
0110
1000
0111
0110
0101
1100
0110
0100
1111
1011
0110
1000
1110
1111
0111
1101
0100
1010
1100
1011
0011
0111
1101
