0100
0111
1010
0100
1100
0110
1011
0010
1011
1101
1110
1110
0001
0000
1110
1000
1100
1101
1011
1100
1001
1110
1011
1100
1110
1000
1110
1011
1011
1111
0100
1101
1100
1101
1011
1100
1001
1110
1100
0101
1011
1101
0111
1101
1110
1110
0100
1011
0111
0100
1001
1011
1011
1101
0110
1111
0111
0110
1111
1101
1100
1100
1100
1100
0010
1000
0011
0000
1110
0100
0110
0011
1110
1100
1010
1110
0011
0001
1111
1011
1001
1110
1110
1010
1110
0000
0011
1010
0011
1011
1000
1100
0111
1010
1101
1111
0111
0011
1011
1001
