11001
01100
11111
11010
00000
00011
00000
11000
00000
00111
01110
00101
10110
01001
10011
01111
10110
00000
11111
00000
11001
11011
10100
10101
01001
11011
11111
11101
10101
11001
10000
00101
11111
00111
10101
10110
00011
10110
00111
10001
00011
01101
10111
01011
11111
01011
00111
10011
01111
11001
00010
01011
11101
10011
11100
00110
10110
00001
10110
10011
01010
10111
10100
01000
11101
11111
11011
10111
11001
00010
10001
01000
10010
00111
01101
00100
11001
11110
00010
00101
11001
00000
00011
10001
00111
01011
10011
00011
00101
01111
01111
01101
01101
01101
11010
11001
01101
11101
11011
11110
