01011
00010
00000
01001
11011
10100
00100
01111
01011
10111
11011
11111
11100
00101
00011
01000
01001
01010
11111
00100
10001
10101
01110
11010
00111
00001
11110
00111
01111
10000
01111
00011
11011
01000
11101
10110
00011
10101
00011
11011
00001
11100
00101
01011
11000
01011
11000
00000
00111
00111
11010
10110
00100
01001
01000
01100
00100
11000
01010
00101
00110
11101
10110
10111
11100
11000
11111
01100
00111
11011
11001
01100
10000
01110
00010
11001
00110
01101
00110
01111
00001
00110
00101
01000
10001
01110
00101
00010
11011
10010
10000
11100
01111
10010
10111
01100
01100
00000
10010
01000
