01000
00000
00000
10100
10110
00011
00011
11111
11110
10101
11010
00100
10111
10001
10100
10000
00011
00010
10110
00110
01101
00000
10101
10011
10100
11110
10010
11011
00010
00010
10101
01011
10000
01101
00010
01100
01100
10001
00110
01010
11101
01101
01101
10101
01100
10001
10100
01101
00111
10101
00010
10111
10010
00111
11011
00111
01110
10000
00101
00000
00000
00110
10110
01010
11011
01011
11001
10011
10100
01101
01110
10110
01110
11111
01001
01000
11110
11110
11110
11110
01000
10110
11001
11010
11001
11000
11110
11010
10000
10011
00111
10011
10100
10011
10100
10000
01010
10010
10000
10100
