11111
11000
10110
00000
10010
01110
00111
10001
00101
01110
00000
11110
10001
10000
10110
11011
00000
11000
00000
01100
11110
11001
10110
10001
01010
00110
10000
10000
10000
10110
11010
10101
11101
00010
10101
11111
00001
10111
01100
00011
01010
10101
00110
11011
11010
00011
01100
01010
01100
11100
11110
00110
01010
01010
10011
01100
11100
01011
01010
01001
00000
00010
10110
10000
01001
11011
11011
01000
00101
00010
11100
11110
11111
11100
01010
00001
10000
00000
11110
00101
00001
01010
01100
11111
10001
01010
00011
00101
11001
11011
11000
00011
10111
01010
10010
11110
01101
00011
01010
00110
