10011
01011
00101
01110
00000
00000
01011
01100
00110
10110
11000
10000
00010
10110
01111
10110
01010
11000
00110
01101
01001
11011
01110
10100
11100
10100
00010
00010
01011
01001
10000
11011
00100
10110
01011
01100
01111
01100
00110
01100
01010
10111
01001
00011
11100
01101
11100
10100
11000
00000
11001
11101
11010
01010
10101
01100
01100
00010
00010
00100
11110
00111
10000
11011
11100
00101
00000
10100
11111
11111
01111
01111
10110
10111
01010
00101
00010
10010
11010
00000
11001
10111
01001
01011
10100
01111
10101
00100
00111
01011
00001
11111
10001
11110
01011
00110
00100
01000
10101
00111
