10100
11011
01001
11101
10011
10010
00001
01011
01011
01011
11000
11101
01010
10111
01010
01101
10001
11100
11111
00110
00001
10111
00100
00000
10010
01110
00110
11000
11001
11110
00011
10101
11101
00001
11110
11000
01101
11101
10001
11111
00100
11100
11010
00110
11000
00101
01011
11010
00100
10010
10101
01110
11001
00111
11000
01111
11101
11001
11100
01110
00100
01011
11001
00000
11000
01010
01101
00101
01101
01000
10110
01001
10001
01011
01110
10111
11010
10100
11101
01011
00010
11011
10011
01000
00011
01001
10011
10011
01100
00101
11011
10000
11011
10100
10001
11110
11100
11101
11101
01010
