11000
01110
10011
00001
10010
01010
01111
01100
00010
00110
10111
11100
11000
01011
01000
00110
00110
10011
10101
11110
11100
11111
00110
11110
10111
01010
01110
10101
01001
00001
11101
00111
11111
01101
11000
11000
10100
01101
00010
00001
10101
01100
11000
01100
10111
01101
10111
11000
11001
11011
10100
00001
01101
11110
11010
11101
01010
10101
00001
01011
11111
01101
10101
11110
10011
11010
00110
00000
00111
00110
11000
10010
01101
11011
01100
00111
10100
10110
10011
11000
10010
01100
10010
10100
11101
10100
01000
01011
11110
11100
10110
10011
00100
01001
00010
01100
00011
10100
00110
11010
