00001
01010
00011
11111
10111
10010
10101
00010
01000
01000
11011
11010
01001
01100
00110
00111
10100
11110
10111
11101
11011
01100
11001
01110
00100
10111
00000
00100
11111
10011
10101
10111
11101
10100
00110
10010
01110
10110
10110
10100
01011
10100
10001
01110
00010
00101
00000
11001
11010
01111
10010
11011
00000
00110
01011
00110
00101
00100
00010
11011
10010
01011
11011
10111
01001
01111
00001
11111
01000
11110
00000
01111
11010
00001
01010
00100
01001
00100
11000
00000
11111
01011
01000
10110
11100
00001
10000
01111
00110
11010
11101
01010
11110
00111
11011
11110
11000
00111
10010
10101
