10111
11110
01010
11100
00101
10011
00010
00110
00111
11100
00110
00111
10100
11001
11010
01001
10000
00101
11010
00001
00000
10111
11000
11111
11001
01010
00111
11101
01011
00100
00001
01101
01110
10000
01111
00010
01101
00110
11111
01010
01111
01101
11110
00100
00010
10010
00011
11001
11001
01011
01000
11001
11010
11011
01100
01001
11010
01100
11110
10111
00110
11000
01011
01001
00001
01001
10010
11110
01000
01111
11010
10011
01100
01110
11011
00010
11110
01110
11000
01001
10101
01101
01101
10101
11001
00001
10100
00110
00000
10110
01110
01110
11011
00101
01000
00001
00101
01000
00001
10010
