01000
01101
10001
10111
11101
01101
00110
11000
00000
00111
01010
11011
00100
10001
01010
00111
01001
00101
10000
01111
10010
00010
01000
11101
10011
01000
00011
10100
10111
11111
10110
01011
00100
11011
00001
10110
01100
01101
10100
11000
00110
00100
00101
11010
11101
11000
10000
11010
10000
10001
00100
11000
01111
11111
11000
00010
10101
00111
10000
10010
00111
10110
00110
11111
01100
01001
10110
10110
00001
10001
11101
10110
01001
00111
10010
10001
10011
10100
10011
01011
00101
00011
00111
01001
11111
00010
10101
00000
10001
00000
00110
00111
10001
01110
00100
01101
00000
01010
01110
11101
