01111
10100
00100
10000
11001
11111
11110
01110
00100
11010
01001
00010
10111
11101
00001
10110
00001
11110
00111
01000
01000
00011
11110
10001
01000
01110
01010
11011
00010
00000
10011
01011
10001
01011
10111
11010
01100
10000
01101
00101
00011
10100
00011
11011
11001
01010
01010
01100
00010
10100
01010
10011
00000
10101
11111
00100
00000
00100
10111
10001
10011
01101
10011
11110
01110
11101
10101
01010
00001
01010
00101
11010
01101
10000
00100
10111
10100
10010
11010
11100
01100
11101
10010
01011
10011
11110
10100
00101
01111
11010
11010
11001
10100
11000
10000
01110
11100
00111
11111
00000
