11001
01100
01110
00101
00011
01100
11111
00011
01000
00100
00111
10010
00100
11110
01111
10000
11010
10010
10010
11010
01000
01110
01111
00000
00100
01110
11110
00101
01010
01100
10111
01100
10110
00101
00011
11011
11100
00011
11011
00101
00000
11101
00100
00110
11011
11001
11001
00111
01000
10111
11100
11011
11110
10010
10111
01111
01001
10111
10010
01111
11010
10110
11110
11101
10011
01000
00110
01011
01011
00011
00111
10000
00001
10011
10000
01100
00001
10100
11000
01100
01111
00110
10001
10001
00110
00101
01000
01111
10101
01101
10101
01001
10110
01000
10111
01111
00101
01111
00100
01000
