01110
10111
01101
01001
00111
01010
11101
00011
11100
10001
01000
00001
01010
11010
10011
11100
10100
00111
11011
00101
11111
11111
11100
10101
01100
01111
11011
10001
00000
01100
01010
00101
10011
11101
10101
10000
01001
00001
01100
01100
10001
10101
01101
11101
01011
01000
01100
01110
00110
11100
01100
01010
00100
00010
11101
00110
00011
11100
11001
01101
00001
10101
11001
00111
01110
11101
10000
01110
00000
00011
10000
01110
00100
01100
10000
11010
01111
10011
10101
11100
10000
11011
00101
01100
10100
10010
10101
10111
00011
10110
10001
00011
01010
10001
11010
10110
10000
01111
01000
10010
