10111
11110
00100
10010
10011
00110
01011
11101
10100
10100
11100
11111
01001
11111
01110
01110
00001
00111
11010
10011
01111
01111
01000
10100
01001
00001
01000
00001
00110
11110
11010
01101
10100
01001
11001
01000
01100
10001
01110
00001
10101
10000
01110
00001
00100
10110
01110
11001
10110
00111
00111
00111
01010
00001
01001
00101
10100
01010
00111
00011
11000
01101
01011
00111
00010
01010
00111
01101
11011
01111
11101
00011
11100
10101
11111
11000
01110
00001
10011
11010
00100
00101
11001
10011
01001
00000
11011
00010
01011
00101
00100
00101
01011
10100
11011
10101
10110
01110
01110
01010
