00111
11001
11111
00011
10000
10001
00101
11101
01011
11111
00011
10100
10100
01111
00001
10100
00001
10100
00000
11000
11101
11011
00111
01111
10110
10001
01010
01101
10101
11100
11101
10001
01100
10101
11111
10001
10101
10110
00101
11000
11110
00000
01010
11101
00010
11011
01000
01101
00111
01011
11001
11111
11110
00001
11101
01111
01001
11101
11010
00011
01011
00101
11101
10011
11111
10100
10111
10010
01001
01101
11011
10100
00111
01101
10010
01100
10010
00001
10100
00101
10001
00000
00100
11100
11010
01001
11111
00110
00111
11001
11001
01001
11110
11001
10011
00001
10110
10100
00010
01000
