11101
10010
01001
11110
10100
11101
11101
11101
11011
11101
00101
10111
11001
01000
11010
10011
10010
10010
11000
01011
11000
11000
11110
11110
11001
01111
01100
01111
10001
00000
11011
01001
00101
01001
00101
00011
01110
01110
00000
01010
11100
00100
00100
00100
10111
11100
01001
10111
01000
11101
11101
11101
10010
00111
10000
10110
10010
11011
10000
01110
01110
11011
10111
10001
10100
11101
10001
10010
10101
01110
11011
10000
01001
11000
11000
01011
11011
01101
11111
00001
01010
11101
00110
01010
00110
00010
00011
10000
01011
01111
01001
00110
11011
11110
11110
11000
01010
01000
00010
01101
