11010
10000
01101
01110
01110
00101
01001
10000
00111
00111
10000
00011
01100
10010
10100
00100
00101
00101
10001
01101
01101
01101
11110
01100
11011
10100
11000
11100
10001
01011
01011
00110
10001
11011
00101
01111
11110
11100
01100
11000
00011
01001
01100
11000
00010
11111
10011
01111
10101
01010
00001
10101
10011
01001
01001
11111
00100
10100
01011
11000
00101
11001
01001
10000
00001
10111
00011
10101
10011
00111
11111
10001
11111
00110
10010
11010
01000
11001
11010
00011
01111
00000
01110
00010
01111
01100
11011
10101
11000
10001
01011
10011
10001
01101
00111
00101
10011
10001
11011
00101
