00101
11000
01000
11100
00010
01010
01001
11000
11011
01110
00110
10110
11111
10000
01101
01010
11010
00000
10100
00101
11101
01101
10001
11011
11110
10010
11001
00000
01100
00101
11001
00010
11100
00100
11101
01011
10000
10000
11000
10111
01111
01000
10100
10101
11000
11000
11011
11100
01110
01010
00100
00110
01111
01100
10110
01010
11010
01100
10110
00111
11110
10010
01010
11100
01010
10101
11000
11111
00110
01111
00111
11000
10011
10110
10110
01001
10010
10000
00111
10010
11011
11100
10001
00010
11011
10011
01001
00000
11011
01011
01000
10111
00000
10110
10000
01111
01011
00110
00011
10000
