01100
00000
11110
11111
00000
00101
01001
00101
01101
11100
11000
10010
10100
00110
10100
10110
11101
01000
00110
01011
01011
01100
10010
00110
11011
00000
01101
10010
11001
11010
00110
10001
10000
10110
10010
01011
10101
10011
11110
00001
00000
01101
00000
11100
11111
10101
00010
01010
11000
10011
11000
01100
00010
01000
10100
00100
10110
00110
10010
11110
01110
11110
01100
10100
01010
11100
11011
00110
11111
01100
01110
10000
00111
11000
00011
01010
11101
10101
01110
10001
00010
00111
11001
00100
10101
11011
11100
11101
01111
00010
10111
10111
11010
00101
00010
10011
00110
00100
01110
11110
