01011
11011
11111
01111
01000
01100
01110
11010
11110
00010
10110
10110
01110
10110
00010
11001
00001
11010
00111
10110
10000
00011
00010
11100
01110
10010
10001
00110
10111
01101
11100
11100
00010
01000
11100
00110
01001
11100
11011
01110
10101
01011
11110
11111
11010
01111
11100
00101
11101
00110
11101
11001
01011
10011
11111
01001
10000
10001
11001
11101
01000
11011
11000
00001
11111
11101
11011
10011
01011
11100
10000
01011
11111
00001
00001
00101
01011
11101
11101
11111
00000
01111
10011
01000
11001
10001
10101
10000
10011
11100
01000
01111
10011
00110
11000
00011
11010
01101
11111
10001
