01000
01001
01110
10101
11101
00100
00010
00110
01111
00010
11000
11101
10011
10001
01001
11000
00110
01010
01110
11010
00010
10100
11110
10000
01101
10101
11000
01100
00100
00001
10011
01110
01100
11100
01000
01110
00100
00011
00001
10010
11111
01011
00110
00010
10101
01111
11101
01100
10010
00101
11010
01100
01101
01000
11001
11100
00101
11000
01000
11010
11101
01010
10010
11110
00110
00100
01101
10001
00111
10100
00011
11110
00100
11111
10110
00101
10000
00100
01101
00000
11000
10001
11001
11101
00010
10100
00001
00110
10100
01101
11111
00010
01000
11111
11011
00111
11011
11001
01100
11001
