10011
01100
00100
11010
01000
01001
01001
11010
00101
01101
00100
01000
01110
11011
01100
10101
01010
01001
10011
01101
01010
01100
11100
10100
00001
01101
01101
10010
01101
01001
11000
11101
10001
00011
01011
10110
10111
10111
00111
10111
10011
01010
10110
01101
10010
00011
01001
00111
01011
11101
01010
01010
10001
10100
10101
11001
10101
00101
10001
01001
01001
11001
01010
01100
11111
01001
10011
10101
10010
01010
11010
11010
00101
01011
00101
10011
10100
11110
11110
10011
01110
11110
10000
11011
00010
10011
00100
10101
11001
10110
11111
10001
10010
10111
01111
11111
01011
01011
10100
11101
