11101
00101
00100
11111
00101
00011
11011
10111
11001
01000
10111
11111
11000
00001
11011
11001
11110
11110
10101
01010
01100
01101
00111
00100
00100
11001
10100
11100
10110
01001
10110
10111
10101
01011
01010
11110
01001
10100
10111
01001
01011
01001
10101
00011
10010
00100
01010
11100
11110
10111
10111
01111
01001
00001
10011
00011
00000
00010
11110
01000
01101
00100
10101
11100
00100
01011
00101
11010
11010
10010
00011
11000
01101
10100
00100
00111
01000
00001
10100
10101
11111
10000
11010
01010
11010
01101
01000
10111
11001
01001
11011
01011
01111
00101
10100
01100
00100
10011
10000
10000
