11110
10101
01110
01111
10100
11100
01011
00111
00110
00100
00001
01101
01001
10001
00010
10111
01110
01101
10001
10010
01000
10000
00011
11011
10011
00000
10100
01101
00000
10111
11001
01001
11001
10110
01011
11110
00010
01001
10000
00011
01010
11001
01110
10110
00001
11001
11010
00111
01101
01110
11001
01100
11110
10000
11000
11010
11001
01110
11011
11111
00001
11001
11010
11101
01110
01010
10110
01101
00100
11001
01011
11000
10001
00001
10010
01110
00010
11100
01010
00000
00101
00101
00101
00011
00100
11111
11010
01010
01100
10110
00010
11111
00000
01110
11010
01101
01010
10011
11101
10011
