10001
10110
11010
01111
00000
01000
01010
11110
00101
10010
10011
01000
10111
11011
00111
11111
10111
11000
11110
00011
00011
10001
11111
01010
01000
00000
10111
10011
00010
01110
01111
00010
00000
11111
01101
00110
01011
11001
10101
00000
00100
10001
00101
01111
00110
11101
00000
11111
00110
11001
10110
00001
10010
10010
10101
11010
01101
00110
11000
00100
01100
10101
00100
11001
11010
00100
00011
11111
11100
00011
00011
11100
11100
00010
10101
01100
00110
01010
10110
11111
01010
11110
00110
11011
11010
10001
00001
00101
00000
10000
01110
11001
10111
10100
01101
10111
00110
00011
10010
00000
