01101
10011
10101
11000
00000
01110
10100
10001
11010
00100
00110
00010
10000
01011
10101
00000
00011
00101
00100
00111
01101
11111
00010
10100
11000
11000
01011
11111
00101
11001
11111
01100
11111
11011
00010
11001
10001
10101
10000
01010
01001
10000
00000
10010
01111
01011
10110
10101
01011
11100
00010
11010
11000
00110
11101
01001
10001
01110
10100
10101
01001
00000
00000
00110
10111
11010
01011
00100
00110
00100
01001
11000
00111
10010
00010
00111
10100
10001
11100
00001
11111
11011
00100
11011
00100
01010
11010
11000
10100
11010
10000
11001
01101
01011
01101
01111
00010
01100
11101
11001
