11010
01111
10011
10100
01110
01001
11011
01110
00010
11101
10000
00011
01101
10000
10010
10010
10010
01000
00001
10010
01110
01110
11001
10010
00111
01101
01101
01011
00101
10000
00001
00100
10001
11001
00111
11100
11100
10110
00101
10010
01011
10111
01010
01011
11101
10011
10001
11000
10110
01111
00011
00101
10101
01110
01110
10100
10001
10000
00110
10000
10101
10000
11100
01010
00101
11110
01010
01000
00101
00110
10110
00110
11010
10110
11011
00100
10100
11011
11101
01010
00110
10111
11110
01101
00111
11100
00101
00000
01001
10101
10011
00111
00111
10100
01011
11111
00100
01001
01110
11000
