10110
10010
11000
10010
10001
11001
11111
11001
01111
00010
11001
11001
01110
00001
01010
00101
10100
01001
11111
10110
01010
10111
00001
11000
11101
01100
00010
11010
01000
11100
11010
00010
01101
01011
01110
10111
10111
00010
10101
11010
00111
00010
10110
01110
01111
11000
01111
01110
11000
00000
01100
00101
00000
00100
00100
01101
10000
10110
00101
01111
11100
00101
11001
00100
10000
01111
11000
00110
01101
01011
11010
00100
10001
11111
10010
00101
10010
00001
01000
00110
11101
10000
10010
10000
00011
11110
11001
11010
01100
11001
11111
00100
00011
11000
00001
00100
10000
00111
00111
00100
