01001
00110
01100
01110
10110
00110
01111
10000
11111
00101
01001
00010
11111
11100
01010
11001
11100
00101
01011
00011
01010
00101
01110
00010
10111
00011
11100
00110
11011
00000
10001
01101
11011
10000
11110
00111
10010
11001
11010
11010
00001
10000
10101
11101
10000
01100
01110
01100
11001
10001
01001
00011
00111
00100
00010
11111
01110
01101
01111
00011
01000
00101
00000
01000
00011
11101
01010
00100
01000
10000
10100
01101
11101
01100
11010
01011
11000
01011
10010
00011
01001
11110
01111
11100
01100
10100
11110
10100
01110
00101
01011
10101
10100
01100
11010
10000
01111
10000
11011
01010
