01110
01000
11001
01001
10101
11111
10000
00000
10101
10001
00011
00110
11011
11010
01101
10001
01000
11000
10100
11101
00001
01110
11001
11111
00000
01001
11010
11110
10100
11011
01100
11100
00110
10110
10001
11011
01000
10101
10001
11111
11010
00111
00000
00100
00110
11010
11001
11010
11111
01100
10010
00010
10100
10010
01010
00011
11110
10010
10011
00110
00001
00110
10101
00110
11010
00100
11101
10111
10100
00001
10010
11111
00100
10001
11111
11000
11000
10010
00001
00110
00101
11010
01101
10101
10010
11011
00101
10010
10101
10111
01011
00001
01100
00000
11010
10111
10001
11101
10000
01001
