10011
10000
11010
00100
11111
11000
00000
01111
11100
01111
01111
00011
01101
01010
00001
10001
11000
01001
00101
01011
00011
10100
10010
10101
11101
01101
00100
00110
10100
00111
00011
11011
01110
10000
11101
01000
10110
01001
10011
00101
01010
00011
01010
11110
11011
00111
00110
11110
11111
01001
01100
11010
10110
10100
00111
10110
11100
11010
11100
10001
00100
01100
10110
00011
10111
10011
00100
00110
00011
10111
01011
01110
11110
10000
01011
00100
01110
11100
11010
01011
00010
01001
00101
10111
10101
11000
10100
00010
10010
00010
00000
11100
01011
11011
01001
10110
10011
10010
10001
01001
