11000
01110
00110
11100
00000
11011
11110
11010
00101
11011
11001
01011
00000
10001
10011
10001
01000
11101
11101
00000
11010
00111
11001
00111
01010
01101
11110
10001
00010
11111
11000
10100
00000
00100
11101
11001
01001
11100
11111
01010
01111
01001
11111
11001
00010
10110
11010
10010
10111
10110
00010
10100
01010
00000
01011
00001
01000
00011
01101
00010
01101
00000
10010
01100
00101
00111
01001
11100
10110
11011
00001
00111
10101
10011
10001
11000
10001
11110
10101
01100
10001
11110
11010
01010
10011
01111
01010
11101
01010
10000
10000
00111
01011
10011
00110
10101
10001
11100
10010
11111
