10100
01001
00101
01111
11001
00010
11010
10000
01000
10010
01011
10101
00110
00011
01000
10000
01110
10110
11100
10101
01101
10011
11011
10010
11111
11010
10011
01010
01101
10110
00101
10010
10110
01011
01011
10111
01110
00001
01001
11101
10001
01100
11000
01110
10010
10101
00110
00100
01101
01100
00111
00100
00111
11001
01110
10001
11011
00001
01001
00011
00001
00000
00101
00000
11011
10101
01011
01001
10010
10001
00001
00101
10100
01110
00011
10011
10111
01011
00101
10000
00100
10110
10100
00010
01010
10010
10011
10000
11010
01101
00010
01001
11101
00010
11000
00111
11110
10100
11110
10111
