01111
00101
11111
01100
10001
01111
01111
10001
00110
01100
01000
01110
01100
01111
11101
11000
10101
10011
00101
01111
10001
00011
00000
11111
01111
00000
10110
10101
10001
10001
10111
10000
10011
00000
01010
10101
11110
10101
01011
00101
01101
00100
01110
00011
10000
01110
10100
11000
00110
10010
11001
00110
01101
01100
10010
00011
01011
00110
10010
10101
01111
00110
11101
01111
10110
01011
01100
01000
10011
00011
11000
01110
01001
01111
01110
01010
10010
01110
11001
11000
00111
00101
00111
10000
01000
10001
00111
10101
01000
01001
11111
00011
11011
01010
10110
01000
11000
11001
00101
00001
