00101
10001
11111
11000
11111
10111
01110
00100
00100
01011
00001
11110
10100
10110
10110
01100
11101
00011
00100
10101
11111
00011
01010
01110
10010
11010
00010
11010
01111
00000
11010
11101
11001
00100
10100
00110
00101
10000
11001
10101
01110
01000
00011
01110
10100
00100
01010
10100
10100
01001
01101
00000
10010
10010
11111
01101
10101
00100
01111
11011
01011
00110
11001
01001
10101
10010
10010
11010
10111
11110
10001
10110
01011
00010
00001
11111
01111
10000
10001
10010
11101
10011
11000
01011
11010
01011
11110
01010
01110
10001
10111
01100
00101
11010
00010
00111
00100
00001
11011
11100
