10101
11100
01000
10111
00001
00000
01010
00001
00101
01100
11000
11001
01100
10101
10000
11000
00011
10100
10100
10001
00000
11101
11110
10110
10001
11101
10111
01110
01000
11011
11100
10100
10010
11101
11000
01011
01011
11010
01011
01010
11011
10011
10010
00111
10110
11110
01111
11110
01111
11111
01111
11111
11111
00011
10111
10100
01101
00101
11100
01110
01101
11101
01010
11010
10001
10110
00100
01000
10110
01001
10001
10001
01110
10100
11011
11001
00111
01000
11001
10001
00110
10010
11101
11111
00111
01010
00001
00000
01000
11100
00000
01010
01101
11111
11000
10110
10110
11110
01100
00110
