10100
10101
11110
11001
00100
11111
00011
10110
01010
01011
00010
11100
01001
11001
10000
00010
01100
11101
10011
10101
01111
01100
01111
10011
01001
00110
01011
11100
01010
01001
10010
11101
11100
10111
00000
11100
10011
11000
10000
11001
00011
10001
01001
01101
10011
00010
00100
11111
10001
00010
01000
11010
01010
10001
11100
10101
11000
10011
11110
00111
11010
01010
00111
10100
10100
00000
00100
01101
01101
11100
01110
01111
11101
01000
11100
01010
11101
11001
00101
01110
01000
11111
10000
10010
10110
10010
00111
11001
10101
00001
01111
00001
00011
00101
00111
11011
00010
10100
01110
00001
