00100
01011
00001
01111
10101
10100
11000
00001
00011
01010
00111
01001
11011
11111
00100
10110
00100
00000
10111
01110
01000
11100
11011
11010
01110
10000
01010
11011
01110
10000
00110
11101
00011
01011
11000
01000
00000
11101
01101
01000
01110
01100
10000
01000
11001
11011
10100
10000
01100
01001
10110
11111
11101
10001
10000
00111
10001
11010
00110
00010
01001
00010
10111
01101
00101
11111
10110
00011
00111
11011
11111
11000
10011
11000
11011
01000
01010
11011
10001
01001
00100
00001
11010
00001
01110
00001
10111
00111
11000
01110
00011
10000
00100
01111
00110
11010
00001
00111
00110
00100
