01100
10011
10111
01100
00111
10000
10110
01011
11101
00101
11110
01010
00101
10010
11011
00101
01010
00111
10100
11011
01101
10010
01010
11001
10001
01010
01110
11010
10011
11101
00000
11001
00001
10100
00100
00011
11011
11110
01001
11000
00100
01111
11001
11111
01001
01111
00001
11001
11111
10110
00010
00010
10110
00101
11110
01111
00100
10011
01110
01100
10110
01100
01010
11011
01111
00100
00110
01101
00110
00110
01100
10110
00000
10001
00101
00001
11111
11010
10011
11110
00000
00110
11101
01001
01010
10000
01001
11011
10001
01000
10011
10101
00110
00011
00000
00100
00010
00010
10101
11110
