11001
11101
00100
00110
11100
01000
11110
01111
01010
11100
01010
11100
00110
00000
10111
01101
00111
10011
00100
00111
11100
01101
11100
00001
11100
11010
00010
10110
00011
01110
01011
00001
00010
01001
01001
10101
11111
00111
00010
10101
11010
10111
00100
11111
00110
11100
10100
11111
01100
11011
10010
10001
11010
10001
00111
00110
00110
11100
10000
10000
11011
10111
11101
10110
10001
10010
10010
01110
11011
11110
01110
00010
11001
00111
11010
00111
10000
00101
11111
11011
00101
10101
10000
00001
11000
11101
00110
00011
01111
01001
11111
10101
01101
10111
01011
00010
11110
11000
01101
11010
