10110
11111
10110
10111
11011
10010
01111
00011
11001
10011
01101
10101
00001
11001
10001
00100
00110
01101
11010
10011
11100
11100
10011
11001
11100
11011
01111
11100
11000
10000
11111
00111
10110
01111
01010
00100
00100
10110
00100
10110
10100
10000
10111
10000
10000
11110
01101
01001
01010
11000
10100
00011
11110
10010
00010
10000
01110
10111
11110
01111
00010
00000
11010
11100
00000
10111
11100
00100
11011
11110
11000
01000
00111
01000
11010
00110
11001
00001
10111
10100
11010
10001
10001
11111
10111
11010
00101
10101
00110
01011
10101
10100
00110
11010
11101
00111
01100
11001
10101
11000
