01101
00100
00110
11010
00111
00000
10001
11000
00000
10010
00110
10000
10111
11010
01001
11101
11010
01001
00100
11010
00100
00100
11100
00110
10110
00111
01111
11100
10000
10000
10110
01011
01000
01110
10001
00011
00010
01111
01101
00011
00101
01001
00110
11100
00001
11000
10001
01001
00000
01010
01101
10111
00101
01000
10100
11000
11111
11000
11010
00001
11010
01001
01001
01000
10011
10011
01100
11110
01111
00111
10111
00100
11001
11011
00011
11101
11101
00011
10000
01110
01011
01111
00101
10100
01011
01111
00000
10011
10101
00100
00110
10111
11101
11100
10101
00110
11010
10000
00010
01101
