00010
00101
00111
00100
00000
01110
01101
00110
00010
11110
11000
11001
10010
10101
11111
10000
11110
00000
11000
11101
00111
10010
11100
10010
01001
11010
01000
01101
11011
01101
01010
00001
10111
01011
01010
11101
10001
10101
00100
11101
11010
11011
11001
10111
00100
01110
10010
01101
00111
10010
11101
00010
00010
10010
10100
01110
10001
11111
10001
11010
00111
01111
10110
01110
11010
00111
10101
00010
01011
00101
00101
11101
10101
01011
00101
11100
10100
10110
01001
10001
11010
11110
00011
11110
00101
00100
01101
10101
00111
01010
01100
11011
11000
00101
00001
01000
11001
11111
11101
00011
