00100
00000
11010
11010
11000
11010
11000
01111
01101
10010
00011
10111
00111
10110
00000
11010
10100
11100
11100
11011
00110
11110
00111
11111
00110
01100
11000
01001
10001
00000
01000
10110
10010
11001
10100
11110
10101
01010
01111
10010
11010
01101
01100
10001
00011
11000
10011
10000
01110
11010
00010
01001
00010
00000
11111
10111
01110
01011
00001
01111
10010
11111
10100
10011
00110
00011
00010
11111
00100
11100
10100
01110
10010
10001
10000
00011
01101
11110
10100
10011
10001
11100
00110
11011
00011
10101
00100
00110
10011
00110
10011
01000
10011
01111
00101
00010
10101
10110
01111
00111
