01011
01111
01011
11010
11010
00010
00101
00110
10010
01000
10101
00011
10101
01111
11010
10010
01111
11000
00101
01000
10101
11000
10100
01111
10100
11011
01110
10011
00110
00110
10101
00010
11100
01000
11111
00011
00100
10010
01000
00001
10100
00011
01111
01000
01001
00001
00100
00100
10000
00111
11011
11000
11111
00011
01100
11001
10011
11110
10100
11001
00111
10000
01010
01100
10101
11011
00110
10100
11011
10111
01011
10010
00001
10101
01010
00001
11010
01110
10010
00011
10100
01011
10001
10000
00110
01001
10101
10110
00010
10001
11111
00110
11100
01100
10110
11101
10000
00001
11001
11101
