11110
01011
11001
10001
01110
11111
00000
10010
01011
11110
11100
10001
11000
10101
00000
00100
10000
01100
11001
11100
11110
10111
11110
01101
11001
01010
11101
11010
00001
10111
01000
00101
00101
10000
11001
00000
11100
11101
10011
01001
01000
11100
10011
01001
11111
10110
00100
11010
10100
10101
01000
11001
11000
11111
01100
01110
00110
10111
10000
10101
10110
00011
01001
00001
11100
10100
00111
01101
00110
01100
10001
00001
11000
00111
01011
00100
10010
00000
10011
10101
11111
11111
11100
00000
11110
10100
11101
11011
00001
00010
10110
11010
11011
01100
10111
11100
11101
11100
00110
10001
