00000
11100
01110
11000
01000
00110
11100
00010
11111
00101
00100
10010
00000
01001
00010
11000
10011
10011
10100
10000
00010
11101
01110
11010
10100
01000
01100
00101
11111
01010
11100
00010
10000
11111
11000
01010
00000
00001
01101
00010
00111
00110
00001
01101
00100
10010
10101
10010
10111
10100
10001
00000
11001
01000
00000
10010
01000
11110
11011
00111
11010
11001
10001
01000
00000
11010
00101
01011
01000
11111
11100
11011
11111
11011
01110
10010
01111
00101
11011
01000
01111
11100
01011
00000
11000
01101
01010
10001
10010
10010
00101
10100
10111
00100
10110
01101
11111
01101
01001
10100
