10110
01111
01110
10001
11010
01001
01111
10001
11010
11101
00001
00110
11110
11011
11011
11100
11000
10000
11000
01010
10101
10101
11111
01011
00100
11011
11100
01011
00000
11010
11011
01100
01011
00010
10010
00001
11101
01101
11001
10100
10001
11011
10100
00001
00100
11110
10101
11100
10000
01110
10101
01010
00101
11000
10011
00010
00001
11000
01100
00101
11011
10111
10011
00011
00100
00110
10110
11101
00001
01010
00011
01010
01001
00010
01100
11010
01101
01100
11000
00111
01011
01011
11110
00001
10000
11100
10101
10000
00101
01111
10010
11111
11111
10101
11100
11100
11100
11101
11110
00011
