01110
01010
11011
01011
11010
11111
11101
00010
11110
11101
11010
11110
00101
00011
01000
00101
11000
01000
01101
11010
01011
01010
00110
01110
10011
10111
11110
11110
00000
00111
11110
11011
11101
10111
01110
01101
01101
01000
10010
01001
00000
00101
01100
10101
01100
10011
11110
00000
11100
00011
11101
00100
01110
10001
11100
00111
00001
01100
01100
11011
10011
00111
11100
01011
11101
00100
01111
10001
01001
11000
11110
01110
11101
01100
10010
01010
01000
10101
01111
11110
11010
00111
01010
11011
00110
00011
10110
11011
01111
01000
00001
11111
10010
01101
00101
00011
10101
10110
11101
01111
