10110
11111
10001
01111
10011
11110
10111
00010
00110
11000
11110
01110
11001
00100
01110
01110
00111
00011
01011
00010
11100
10001
00010
11011
00000
11111
01110
10110
00100
00101
00101
11001
00011
10000
01000
10100
11100
00111
10110
11001
11111
10011
10000
10000
01110
01111
10000
10111
00100
01101
10010
10100
11010
10010
00001
11101
11010
01100
00000
10011
11000
11101
01111
01000
11010
00110
11100
10110
10001
11000
01001
11110
00011
10100
10100
11111
00110
10010
11110
10000
11111
01010
11000
01111
00010
00110
10110
10101
01010
00011
11011
00111
10001
11110
00101
10010
00010
11111
01011
01100
