11101
10010
00111
11110
01101
10001
11001
00110
01011
10110
01000
10111
01010
00101
01010
11110
00000
00001
10110
10011
10110
00011
00011
01110
00000
00110
01110
10011
00110
10000
11100
01011
11111
01000
11101
11111
01110
01011
10111
00100
01000
01101
00001
01011
00100
11110
11111
01000
11101
11101
01011
01011
01011
01110
01100
11101
10111
11100
11001
10010
00101
11101
11001
10101
10100
11100
00101
01011
11010
01111
11010
01001
10000
00111
11101
01100
00101
00100
10001
11001
01111
00101
10000
01111
00101
11111
11111
01110
11011
01111
10011
11011
11001
10101
11011
10111
11010
01101
11101
01011
