11111
01011
10111
00101
11001
11101
11001
11101
10011
10111
11001
11101
11110
11101
10011
11001
01011
11010
11101
11111
11011
01111
11001
10011
11011
10111
10001
11001
11101
01111
01000
11111
10111
11101
10101
11011
11101
11101
11110
10101
10011
10110
11101
10001
11111
10101
11101
10111
10011
10011
01011
11100
01101
01101
11001
11010
10011
10111
11001
11011
10111
10011
11111
10011
10001
11010
11011
10101
01111
01101
11010
10001
01111
10011
11010
11101
01111
11011
11111
11101
11100
10111
01101
10001
01011
10111
11101
01001
10011
11111
01111
11101
10101
11001
11111
10111
11110
10101
10111
11111
