01101
10011
11110
10001
10011
11101
11111
11110
01111
11110
10111
11011
11011
01001
10001
11011
10001
11111
10101
11000
01001
01001
11101
01101
10111
10111
11111
11111
11101
11111
10101
11001
11001
01111
10011
11000
11111
11001
10001
11111
10111
10111
11011
11111
11000
11011
11011
01101
10011
11011
01001
01001
10110
11001
01001
11011
11010
01001
11111
10011
10001
11111
11101
11100
11001
11111
10001
01011
11110
10001
01111
11101
11011
11011
01001
01111
11011
11111
01011
11000
10111
11001
11101
11110
11111
11001
10111
10111
01101
01101
11101
11111
11111
10011
11111
11001
11110
10011
10001
11110
