10011
11111
01111
01111
11101
10011
01101
10101
10111
10101
10001
01001
11011
11111
10111
11111
01111
01001
11111
01101
01111
11101
10101
10011
11001
01001
01001
11111
11101
11110
11111
11011
01111
10011
01011
11001
11101
11111
01101
10011
10111
10111
11000
11011
11001
01001
10111
10011
11011
01001
11011
11101
10111
11111
01001
11001
11011
10011
10111
11111
11011
10101
11011
10101
11111
11001
10111
11111
10101
11011
11011
01001
01011
01111
11011
01001
11001
11111
10011
10001
10010
11111
01111
01001
11101
11111
10011
10001
11101
10101
10111
01111
11000
11011
10111
01001
11001
11001
11101
11101
