01101
01101
10011
11111
10001
11111
11101
11011
11101
11100
01111
10011
11001
11111
10111
11100
11011
01101
10101
10011
11111
10111
11111
10111
11011
11101
11111
01101
10101
11101
11001
10111
11011
11111
01001
10111
01111
10101
01111
11010
10101
11011
01101
01001
01011
11101
10011
10111
11111
10001
11001
01101
11011
10011
11101
11111
11111
11110
01001
01111
01101
11001
10111
01001
10001
11010
11001
10011
11101
10110
11101
10101
10011
11011
11011
10111
11111
11110
11001
11111
10101
11100
01110
10101
01111
10111
11111
10101
11011
11110
01111
11100
01011
11001
10101
11111
11011
10111
11001
11101
