01011
11001
10101
11101
10111
11011
11000
01101
11111
11101
10111
11001
01111
11110
01101
01101
11011
11011
01001
11111
11111
10111
11001
10001
10111
10011
01011
11110
00011
01001
11100
10011
11101
11101
11001
10010
11101
11010
11001
10111
01011
01001
10011
01011
11101
11011
11011
10101
10111
10111
11101
10001
10111
11110
11011
00111
11110
11111
01111
11011
10011
01111
10011
10011
11110
11101
11111
01101
10111
11011
11111
10101
10001
00101
01111
01111
11101
11010
10011
11101
11011
10011
11111
10011
10101
11110
11111
11110
11101
01001
01001
01011
11010
01001
11100
01101
10011
10001
11101
11111
