10111
11011
11011
01001
11111
10011
11111
11010
10101
11111
10001
11111
11110
11101
11111
01011
10111
10001
11101
11111
11111
01011
11111
11111
11011
11010
01111
10111
11011
10011
10001
11011
10011
10001
10011
01111
10001
11111
11000
11001
11110
11101
11101
01111
01011
10011
11111
11111
10011
10011
11101
11111
11111
10011
11111
01001
01111
11001
11111
11101
11011
01111
11101
11101
01101
11001
10110
11101
11000
01111
10011
11101
01100
10001
11111
10011
10001
01101
10011
11001
11111
11001
10111
11101
11011
01111
11011
11111
11011
10011
11111
11111
11111
11001
11111
11111
10011
10010
01001
10011
