10001
01101
11110
10011
11111
01101
11111
11011
10111
01101
01001
10101
11010
11111
11100
10111
11011
10101
01001
11101
01001
10011
10101
01001
10001
10001
11110
11111
11111
11101
10111
10001
01101
11011
11111
11000
11011
10001
01011
10111
01111
11011
10101
11011
11101
11111
11101
11101
11111
11001
10111
10001
01001
11011
11111
10011
10001
11011
11001
11111
01111
11101
10101
01101
11001
01011
10101
01001
10101
11011
11101
11101
10111
01001
10101
10011
11001
11101
11111
01001
11110
10011
10011
10011
10011
10111
00001
11101
01001
10101
11011
10011
11101
10001
11101
10111
10011
01001
10011
11010
