10001
01101
11110
01111
11001
11111
11011
10001
10011
00111
11101
10001
10111
11111
11101
10111
10101
10111
10111
11111
11101
11111
10111
11011
11101
11101
10101
11101
01101
10001
10011
11110
10111
10111
01101
10101
11001
10011
11011
10011
11011
10011
11110
01001
01111
01001
11111
01111
11011
11111
11111
01001
11110
11001
11011
11011
01011
11110
11100
11111
10011
11010
11111
10101
10101
10101
11110
11101
11110
11001
11011
10001
10001
10011
11111
01111
11101
11101
01011
01001
10001
10111
11001
11011
01111
01111
10011
10011
11101
11111
01101
11111
01111
10010
11011
10101
11001
11011
10101
10101
