11011
11101
10011
01101
11111
10101
11001
11101
11111
11111
10001
11101
11001
11011
10111
11111
10011
11111
01001
01011
11111
01011
11101
10101
11101
11111
10111
10011
01101
01011
10011
11001
11111
11011
10011
11011
11001
10111
11011
10101
10011
11101
11101
11101
01101
01111
11101
01001
10001
11111
11100
11011
11111
11101
11000
11101
11001
11011
10111
10001
10101
01111
11111
11101
11011
10011
10101
01101
11101
11000
10001
01001
10101
01111
11111
01111
01101
01101
10001
11111
11001
01101
11001
01011
10001
11101
11101
10101
10111
01110
10101
01110
01001
01001
10101
01011
01011
11101
11011
10011
