10011
01001
11101
10101
01111
11111
10101
11111
11101
11001
01001
11101
01101
11101
11111
11101
11111
10001
10011
11101
11111
11100
01000
11101
10011
01001
11001
11110
01001
11011
01111
11011
11111
11011
10111
11001
11101
01101
10110
10011
01011
11001
10111
11110
11101
11010
11001
11001
11001
10111
11101
11111
11101
10011
11111
01111
11111
01001
11101
11110
11111
10101
11111
11001
10011
10001
01001
11000
10101
10011
01101
11001
11011
11001
01111
11101
10011
10111
11110
01011
10001
01011
11011
11101
01001
01101
11111
11011
01011
01001
10101
01101
11011
10011
10001
01011
11110
11101
01111
10101
