01111
10001
11111
11100
10001
10111
01001
10101
11101
11101
01111
11111
01001
01001
10111
01001
01001
11010
01111
10111
10011
11101
10101
10101
11001
11101
10011
01001
10110
11011
11011
11111
01011
01011
10101
11001
11110
11010
11001
11111
01111
11111
01011
11011
01001
01001
01111
11110
10111
11001
01111
11101
11011
11101
11001
11011
11010
11011
01111
11011
01111
00001
01010
11011
10011
10001
11011
11101
10111
11001
10111
10101
11001
10001
11111
11111
10101
11111
01110
11001
10111
10011
11011
11101
10001
01001
10111
01111
01000
01101
11001
10101
10111
11011
10011
10101
01111
01011
01111
11111
