11001
10011
01101
11111
11111
11101
11101
10111
10111
11111
10001
01111
01011
01111
11101
10111
11011
11111
11111
10011
11001
10111
10011
01111
10001
11001
10011
10011
11011
11001
01110
11110
10111
11011
01001
10001
11010
11111
11111
11101
10101
11101
11010
01111
01101
01100
11010
11101
01101
10101
11101
11001
11001
01111
01001
10111
11111
11001
11011
11101
11000
10001
10001
11101
11011
11100
01111
11111
11101
11101
11001
01111
11011
11111
11001
11110
10101
10101
01101
11101
10001
10111
11001
10001
01101
11101
11111
01101
11011
11001
10111
01101
11100
10101
10011
10011
01101
11101
10011
11101
