11011
10001
11101
01001
11011
11101
11101
01111
11011
11101
01011
11111
10111
11110
01011
11111
11111
11101
10011
11110
10011
01111
11100
11011
11011
11001
11010
11001
10011
01001
11101
01111
10111
11111
01111
10011
11101
01111
01101
10011
11100
10001
10101
01111
11000
10011
11111
10011
01111
01001
11011
11101
11100
01111
11101
10011
11001
10101
10001
11110
11101
11111
11001
01001
11011
11011
11001
10011
11111
11011
11001
11011
11101
11101
10111
11111
11001
11010
11011
11101
10011
10001
11111
11011
11100
01001
10001
11010
11111
10011
10011
11111
10111
10001
10001
11101
01101
11011
10011
11011
