11011
01101
10101
11011
11001
01111
11110
11101
01011
11101
01001
10010
10101
11001
11010
11110
01111
01101
01011
01101
10101
01111
11011
11101
11101
11001
10101
11011
01001
11111
10111
10001
11000
10001
10111
11101
10001
10011
11101
11111
10101
11001
01111
11110
11111
10111
11011
10011
01011
11011
10111
10111
11111
10001
11111
11110
11111
10011
01001
11111
10011
10001
01111
11110
10101
11011
10110
01111
10011
10111
01111
01101
11111
10001
10111
01001
11111
11001
10111
01111
11111
01111
11001
10101
11001
11111
10101
11101
10011
11111
11100
01001
10111
11111
10011
11011
11010
11001
11111
11011
