01111
11111
11100
10110
10001
11111
10101
01101
01111
11111
11111
11011
11101
10111
11011
11010
10011
10011
11110
01111
11101
11101
11111
10111
11011
11010
10001
11101
01101
10001
10101
11111
11011
11010
10011
01011
11100
11011
01101
11111
10110
11110
10001
11011
10101
11111
10101
11100
01011
10110
11100
10011
01101
11111
11001
11101
10011
11001
10111
11111
11111
10101
01111
10111
11010
10111
00001
11001
11111
01001
10111
11111
11111
11001
01100
11101
10001
11100
01001
11110
11111
11011
01101
11101
10000
11011
10111
11100
11110
10111
10111
11110
11110
10011
11011
10111
01111
10001
00001
11101
