01011
01111
10111
01011
01111
11011
10101
11101
01101
11011
11010
01111
11101
10111
10101
11110
11011
11000
11001
01001
11111
11111
11101
11011
10111
10001
10101
01101
10000
10111
11111
11111
11110
10001
10111
11111
10111
10011
11001
11011
11111
10001
10011
11011
11011
11101
10011
10001
11111
11011
10101
10011
01011
11001
10111
10011
10001
11111
10111
11011
10101
11010
11001
10101
11111
10011
11111
01111
01111
01101
10011
10001
01101
10001
10111
10011
01111
10001
11011
11101
11101
11111
01011
11011
11101
10111
10011
11111
11100
11101
10011
11010
10111
10011
10111
11111
11011
11101
01111
11001
