11111
11101
11011
11110
11011
01001
01101
01001
11100
01111
10111
10101
01111
10011
11101
10011
11111
00011
11001
01001
10111
10101
11101
11111
10111
10000
11111
11111
11101
11001
11111
11001
10111
10111
11011
11010
11100
11001
11111
10110
10001
11101
10101
01111
01111
01111
11001
11101
10101
11101
01011
10101
10101
01011
01101
10001
11100
11111
10101
11110
11100
10001
10100
11101
10001
11111
10101
11101
10100
11011
10011
11101
11110
01001
10111
11111
11111
10011
01011
01101
11111
11101
10001
11101
10011
11111
11111
01101
11011
11111
11111
11011
11101
10111
10011
10111
11101
11110
01111
10111
