01001
10111
11010
11110
10011
11111
10111
11111
10111
11111
11001
11011
10011
10001
11011
01010
01011
01001
10011
11001
11010
10101
01001
10101
11110
10001
10101
01001
10001
11010
01111
11110
11110
11011
11111
11101
11011
11011
11100
01101
11101
11001
11011
11001
11101
01111
11101
10111
11111
10101
10111
11011
11101
11110
11001
01111
11111
11111
11001
11111
10111
01111
11011
11111
11110
11101
11011
01100
11011
10011
01011
10011
11101
11111
10111
11011
11111
10111
00101
11010
11110
11001
10011
11101
11011
11111
11100
11010
10011
11111
11101
11110
01111
11101
11101
11101
10111
11101
11111
11111
