01101
10111
11101
11100
11011
10111
10001
10001
10011
11001
11101
10001
01011
01011
10001
10001
11001
10011
11101
10111
10001
10001
10001
01111
10111
00011
11111
01101
11011
11011
10111
11101
11010
11111
11001
11110
10101
11111
11000
11111
01101
10101
01111
01111
11111
10011
01000
11111
10011
11100
10101
01001
01001
11001
11001
11001
11011
11101
01001
10011
11101
01011
10001
10001
11011
10111
10111
01111
11110
11111
11111
11110
11001
01101
11001
11101
11101
11111
01101
11001
01101
01101
10101
11001
11100
01001
10001
01111
10011
11010
11111
10111
11001
10101
11111
10001
11101
10011
01001
01011
