10111
01001
11111
00011
11011
11111
01101
10001
11000
11111
11001
11011
10011
11011
11001
10111
10011
10101
11001
10011
01111
11101
11010
11111
11101
11000
10001
11111
01111
10111
11101
10011
11100
01001
11101
10011
11100
10011
11111
10111
01101
11101
11111
11101
11011
01001
10101
11001
11101
10001
10111
11011
11100
01101
10111
10111
10111
11001
00001
11010
10101
11101
11111
10100
11101
10101
10111
11111
11110
11111
10101
11111
11111
11111
10001
10111
11101
01101
10111
01101
11001
10111
10011
11100
11000
01111
11011
01001
11011
11001
11001
10111
10011
10001
10000
11101
01111
01000
01001
10101
