01011
11111
01101
01011
10101
10111
11011
01011
01101
10011
10011
11101
01011
11001
10011
11001
11111
11111
11100
01111
10101
11001
11101
11101
10011
10011
10111
11010
01011
11001
11101
10101
11011
10001
11111
11000
01101
01001
01011
10101
11111
01001
11000
10101
01101
10011
11011
01111
10101
01111
10101
11011
10111
01111
01011
10001
10111
10101
01111
11111
10011
11011
10111
11111
01101
11111
11111
11011
01011
11111
10100
10001
01111
11111
11011
10001
11111
10111
01101
11011
10101
11111
11001
01000
10111
10101
00101
11001
10011
10101
11101
10001
11001
11000
10111
11101
11101
11101
10001
11011
