11101
11101
11100
11101
01001
11111
11101
10101
01011
10011
01111
01101
01101
01011
11001
10101
10111
11110
10011
11101
11001
01011
11111
11100
11101
10011
01011
01111
01101
01011
11011
11010
10101
01010
01001
10111
11101
11100
10011
10001
10101
11001
10111
01111
10101
11101
01011
01111
11010
11100
11101
11010
01001
10011
01001
01001
10101
10101
10011
11001
11011
10111
10111
01111
10111
11001
10101
10111
11010
01011
11010
10100
10011
01001
01111
11011
01001
01111
11011
11101
11000
11101
11101
11111
10111
11011
10101
10001
11101
10011
10101
11111
01001
10001
11111
01111
01001
11111
11101
10101
