11001
11011
11111
11111
01101
01001
10101
11110
11111
10001
11111
01001
10011
11100
11011
11011
01111
11101
11101
11101
11001
01111
11001
11011
10111
11111
01111
10111
11101
11101
01111
11111
01111
01101
11111
10111
11011
11101
10011
01001
11111
11111
11101
01111
11001
11111
01111
10111
11011
11100
11111
11111
11101
01001
11110
11011
11101
10011
10001
01111
10101
11011
11000
11111
11011
11001
10001
10011
10011
11010
01101
11011
11111
10011
11111
10100
11011
01101
10111
10011
10011
01101
11111
11110
11111
10011
10011
11001
11110
10001
11001
01011
11100
10001
01101
11101
11111
11101
11111
11101
