10001
11101
10011
11100
10101
11111
11101
11011
10011
10111
01111
01001
11111
10111
11011
10001
01011
01101
01001
11101
11011
11110
11011
01111
01001
11111
01111
01111
11011
01101
11110
10111
10111
10101
11101
11001
10111
11111
10010
11011
11110
10011
11101
01011
10011
11101
11000
10101
10101
10101
11111
10011
11001
10111
10101
10001
01111
10101
11011
11001
10111
10101
11111
11101
10101
11010
00110
11111
10111
10101
11011
11001
11100
10001
01011
10010
01001
11111
11101
10001
11110
10011
01001
11111
11100
11100
01111
11011
01101
01101
01001
11100
01100
10111
01101
01011
11001
10001
11101
10011
