10101
10011
11101
01001
11111
10101
11010
10111
11011
01011
11110
11101
11011
11011
01101
10101
01101
11111
01110
11011
10001
01001
10111
11000
11111
11111
01101
10001
11001
11111
11011
10111
10011
11100
11001
01001
11001
10111
01101
10011
01101
11111
00101
11110
11111
01111
10011
11110
01111
10001
11010
11110
01001
10101
01111
10011
11000
11111
11101
11100
01111
01111
11101
11100
11001
10101
11101
01111
01111
10101
01011
01011
01101
10011
10111
01101
11001
11011
10111
01011
11101
11100
11011
10011
01001
11101
11111
10111
11001
10101
11011
10101
11000
01001
10011
11111
10011
11000
11101
11111
