01011
10111
01111
11100
10001
11001
10111
11011
11111
01111
11100
11011
10001
01011
11011
11110
11011
01101
10001
11111
01111
11101
11101
11011
11011
11110
10101
10111
10011
10101
10001
11101
11011
11010
11101
10111
11111
11111
11011
01101
10111
01111
11111
11101
11110
01101
10111
11100
10011
11111
01111
01001
10011
10101
11110
10011
10100
11001
10111
11100
10001
11001
10011
11011
11100
01011
11101
10001
01111
01001
10001
11101
10101
01111
11001
11001
10011
11110
11001
10001
11010
11011
10001
01011
01001
01101
11001
11010
01001
01111
10010
11101
01001
11101
01111
11001
11000
01011
11001
01101
