11001
11111
01101
11101
11110
11011
10011
11111
11101
11001
11011
11111
01011
11011
11110
11001
11110
10101
10011
10101
01011
01011
11101
11100
01101
11101
11111
11101
10001
10101
10001
10111
10101
11110
11111
11101
11001
11101
11111
11101
11001
11101
01111
11101
11001
11001
11001
11001
10111
10011
11000
11011
01101
01101
11001
10101
10101
10111
10100
10001
11011
11111
11111
11110
11101
10001
10001
10111
10111
11001
11100
10011
11001
10101
01011
10011
10010
11101
11001
11101
01111
01101
11001
11011
11111
11101
10101
11011
01111
01101
11010
01111
11111
10111
10100
01101
00111
11001
10101
10011
