10001
11101
01111
10101
11101
11111
10001
11011
11111
01010
10100
11011
10101
11101
01011
11110
01111
11111
11111
01001
01001
11100
11111
11000
11101
01111
01111
10101
10001
10101
11011
11011
11011
11011
11101
11001
10101
11111
01111
10001
10111
11110
01100
01001
11011
01101
10101
11111
11111
11101
11010
11100
01101
11101
10111
11001
11111
11111
11110
11011
11111
11101
10101
01001
01001
10101
01001
10001
10111
11001
11101
11101
01111
11111
11100
11111
11011
11011
10101
01011
11111
11101
11000
11101
11101
10011
10111
11110
11001
10111
10111
10001
11101
11001
11100
10101
01001
11100
10101
11110
