11001
01101
01101
10001
10011
10011
10111
10111
11101
11001
10111
10101
11111
10011
11011
01001
10011
11101
01001
10101
11111
11010
01111
11101
01101
11111
11001
10101
11011
11111
11101
11011
10111
11111
10111
10101
11110
11001
10111
10100
01101
01001
01101
10111
11010
11011
01110
10011
11101
10011
10111
11011
10001
11101
10111
01001
11001
11101
11101
10011
11101
11101
01011
10101
11101
11001
01111
01001
10011
10111
11111
11011
10011
11111
11111
11101
11001
11011
10001
11110
11011
11111
11101
11001
11111
11101
01111
11111
10111
11101
11111
10011
11101
11111
01011
11111
11001
11110
11111
01101
