11001
11011
11011
11110
11001
11110
10101
01010
11100
11101
11100
01111
11111
10011
11111
11001
01011
11010
10001
10101
11101
11011
01101
01001
10101
10001
11101
11001
11100
01111
01001
10111
01001
10111
11001
11111
10011
10101
11111
01101
01111
11001
11001
01011
11111
11100
01101
10011
11111
11001
10101
01011
11011
11111
11001
11001
11101
10110
10001
01110
10101
11001
11001
11101
01111
11001
10101
10111
01111
11011
01011
10111
01111
10001
10001
10011
11001
01101
11111
11001
01011
01011
11111
11111
11111
01101
10001
10011
10011
11111
10111
11100
10001
11011
10111
10011
10111
11101
11111
11110
