11100
10101
11110
10001
11001
11111
11101
11011
11100
11001
10111
01001
11101
10111
10111
01101
11100
10001
11101
10101
11111
01101
01101
11011
01011
11101
01111
11101
10011
11011
11001
11001
11001
11011
10011
10101
11001
10101
11101
01111
11001
11011
11101
10011
11111
11100
11100
11111
10011
11100
11111
11001
11010
10011
11110
01011
11111
11100
10111
11101
01101
00101
11101
01111
11110
11100
10111
01101
10101
11111
11011
11101
10001
10011
10111
10011
10111
11010
10101
10100
01111
11101
01101
10111
01111
11001
10011
11001
11001
10111
01011
10111
01011
11001
11101
11011
10011
10001
11111
10001
