01011
11100
11101
11110
10111
11111
00101
11111
11011
10011
11111
10001
11011
11111
10011
10101
01011
11011
11111
01111
11111
11110
11010
11001
01011
10111
10011
10001
10111
10101
10111
11101
01111
10111
11011
01111
11011
10101
11100
11101
11111
01111
11011
10001
11101
11111
10001
10111
11111
11101
10111
01011
11001
01011
10001
11111
10111
10101
10111
11001
11101
01111
11111
11011
11111
11011
11101
10111
11101
11111
01111
01101
10111
11101
11011
11101
10011
10101
11101
01001
11111
11110
01011
11111
11111
10101
10111
11101
11011
10101
10011
11001
11011
10111
11011
01011
10101
10011
01001
01101
