11011
10011
11111
11001
11011
11101
11111
10111
11111
11101
11011
11101
01101
10101
10011
11101
11001
01101
11111
11011
10010
11001
11111
11100
10011
11001
10101
11001
01111
11101
11011
10011
11010
11111
01111
10111
11111
11111
11001
01101
11011
11011
11010
01111
11010
10111
11000
01011
11001
00101
01101
11110
11110
11011
10001
10101
01110
01101
01101
11000
10111
11101
10011
10111
11001
10101
11111
11101
11111
01101
01001
10001
11011
10111
10111
11101
11110
11011
10111
11111
10111
11111
01001
11001
11011
10011
11111
11000
11001
10011
11011
11111
11111
10001
01011
10011
11101
11111
10101
01011
