11101
11001
11001
11101
11111
11110
11001
01101
11001
10111
11100
11110
11101
10001
01011
11101
10011
11101
10011
11110
11001
01111
11111
00101
01001
11011
11111
01101
10101
01011
10011
01101
01011
01001
11111
11111
11011
10111
11001
11111
10101
10001
10011
01001
11011
01111
11110
01111
10111
10001
10011
10111
11111
10111
10111
11100
10101
11011
11111
10101
10100
11101
11111
01111
11100
10111
01101
10100
11111
10111
11111
11011
11101
11011
01111
11111
11001
11111
11101
10011
11111
11111
11100
11110
11101
11111
11101
11111
10111
10011
10001
11111
10001
01101
01111
11001
10011
11111
01011
01111
