01101
01011
11101
10001
11111
01101
01101
10001
01101
11001
10011
01101
10011
11111
10111
10101
11111
10111
10001
11110
11001
01001
10011
10101
10101
10001
11111
11001
01001
11111
10001
11110
10001
01101
01101
10011
11011
10001
11001
10101
11010
10111
10001
10001
11101
11001
10111
01111
11101
11100
10101
01101
11001
11101
11011
10111
10101
11101
11001
10011
01111
10011
01001
11011
01011
11111
11111
11001
10011
10111
11111
00101
11011
01111
11011
11011
11101
10011
10001
01101
01111
01111
11101
01111
10001
11001
11100
01001
01101
01001
11101
10011
01111
11000
11101
11111
10011
00011
10011
01001
