11101
11110
11011
10111
11011
10001
11111
10001
10111
10111
01011
10011
10011
01001
11001
01101
10111
11101
11011
11101
11101
11100
11011
11011
10101
11101
11111
11111
01111
01001
10011
11000
10011
11110
11111
11001
01111
11101
11110
01001
10011
11111
11111
11011
01101
10101
10101
10101
11101
10011
11001
11101
01011
11100
11111
11111
10011
11100
01011
10111
10111
01111
11110
11101
11101
10011
11111
01101
10111
11101
10111
10101
11011
11010
11101
10001
11011
11111
10011
11111
11101
01101
11101
11111
10011
11110
01101
01110
01101
11011
11011
11110
10011
11010
11111
10111
11101
11001
01101
11111
