01001
11111
10101
11101
11011
11111
11111
11111
10111
10111
01001
11011
11111
01011
10111
11111
11111
10011
01111
01001
01001
11111
11110
11111
11011
11001
11110
01111
10011
10000
01111
11110
11011
11111
11111
11111
11111
11101
11011
11101
11011
11000
10001
11001
11111
11100
11101
11111
10101
11111
10011
11101
11110
01100
10011
01111
11110
01011
11001
10111
10001
01011
11111
11111
11010
01101
11100
10011
10101
11111
01001
11101
11011
10011
11011
11111
11011
11111
11001
10001
11011
01011
10011
11011
11001
11100
11011
10001
11011
11111
11101
10111
11001
11011
11101
11100
11011
11011
01111
11011
