11001
11101
11101
11001
11001
11100
10111
10011
01111
01001
11101
11011
10101
11111
11001
11011
10111
11100
10011
11000
01111
11101
01101
01011
11011
11001
11011
01111
11101
01011
01011
01101
11011
01011
11111
11011
10011
11101
10011
01111
10011
10001
11101
11101
01111
01101
01111
10011
11101
10101
11011
10001
10111
11001
11111
01001
11111
11101
01111
11011
10011
11101
11101
11110
11011
11011
11011
10001
11010
11011
11111
01011
10011
11011
10011
10111
10101
10001
11111
11011
11111
11011
10001
11101
01001
10101
11011
01011
11010
10001
11110
11110
11111
10101
11111
10001
10111
01111
11110
10011
