10001
11011
10001
11011
10111
11011
10011
11101
01001
11000
01001
01011
10101
10110
11110
01111
11011
11101
11111
10011
11010
11101
10011
11101
11101
11101
11011
01011
01011
11000
10111
11011
01001
11001
11101
10011
11111
01101
01011
11101
01101
11101
11101
01111
11111
01011
10111
11111
10101
11111
11110
11111
11011
01001
01111
01101
11110
11100
01111
10111
10101
11101
10011
10101
11010
11011
10011
11111
11111
11100
01111
11011
10011
10111
11111
01001
01111
11111
11011
11111
11001
11111
11001
11001
11001
11011
11011
01111
10111
11000
01001
11101
01001
11111
10111
01001
10111
10111
10011
01111
