10111
11001
11111
10111
11101
10001
10101
10111
10001
10011
11011
10001
11010
11111
00101
11011
11001
11101
10011
11011
10011
11011
11100
10100
10101
01001
11101
01101
11101
10011
10111
11111
10111
11111
01111
10001
11001
11100
10111
10111
10101
11011
11011
10101
00001
11110
11011
11101
11110
00011
10111
11101
11011
11111
11110
01101
11001
10001
01101
10101
10011
11111
10111
10111
11001
01001
10101
11101
10011
10101
01111
11110
10111
10001
10111
01101
01001
10011
11110
11100
01101
11001
01011
10001
01011
01011
10011
10011
01011
11011
01011
10101
11101
11001
01101
10011
11001
11111
01101
01111
