01001
01101
11100
11101
11011
10111
10111
01100
01101
10001
01101
10111
01001
11001
11111
10011
10101
10111
00011
10101
11011
10001
10101
10111
10001
01101
11111
11111
10111
11101
01011
10011
11111
11001
10001
11001
11011
10101
01101
11111
01100
11101
01111
11001
10111
11001
11110
01001
11011
10101
11001
10011
11101
10001
10001
01011
11110
01011
11101
01101
10101
11111
10001
10011
11001
10011
11011
11001
11100
11110
10110
11111
01011
11111
11001
11001
11111
11111
10101
11111
10011
11011
01111
10111
10011
11110
11001
11100
10111
11011
11011
11111
10101
10111
11101
01001
11101
11111
11101
10101
