11111
10001
11111
11011
11101
10011
01111
11011
10101
01111
11011
01011
01101
11001
11111
11111
01111
00011
11010
11100
01001
10011
11101
11111
10011
11011
11101
11001
10011
11011
11101
11011
01001
11001
11001
10011
11110
10001
10111
01011
11001
10101
11101
01001
11111
10011
10111
10011
01111
10101
01111
01111
11011
10101
10101
11001
10001
11001
11111
01101
11001
11011
10001
11001
10001
11001
10101
11101
01101
11001
11001
01111
10111
11001
10001
11111
11010
01011
11111
01111
10111
01111
11101
10111
11001
11101
11011
11001
10011
11011
01101
11101
10001
11011
01111
01011
10111
10111
10011
10111
