1011
0001
1001
1001
0110
0010
1101
0101
1000
0111
1101
1101
1010
1011
0100
0110
0111
0010
1101
1100
1011
1010
1010
0000
0011
0011
1111
0101
0101
1110
0101
0100
0111
0101
1001
1110
0101
1111
0001
1101
0110
0010
0001
1100
1000
1111
0010
1100
0111
1001
0110
1101
0101
0000
0111
1001
0010
1000
0111
0011
0011
0011
1111
1001
1000
1011
1001
0110
1001
0010
1111
0011
0011
1000
1111
1111
1010
0011
1101
1110
0000
1111
1010
1111
1001
1001
1011
0101
0101
1111
0010
1011
0100
1110
1110
1111
1100
0011
0011
1011
