0101
1110
0000
1010
1110
1011
1111
0110
0100
1000
0110
1111
1111
0101
1101
1101
0101
0100
0100
1000
1101
1001
0011
0111
1111
0000
0110
0001
1101
1101
0110
0000
0001
1110
0010
0001
1111
0001
0000
1000
1101
1001
0100
0110
1011
1110
1000
0101
1111
1001
1011
0000
1111
1000
1110
1001
1001
0101
0001
0000
0110
1101
0011
0101
1110
1101
1101
0010
1111
1101
1110
0111
0101
0100
0000
1110
0000
0111
1111
0110
0010
0000
1000
1000
0110
0010
1110
1100
1111
1101
1101
1111
1111
0001
1100
0100
0001
0000
0100
1010
