0101
0000
0011
1111
1000
1001
1001
1110
1110
0101
0111
1110
0101
1101
0001
1111
1001
0101
0010
1010
0101
0010
1111
0011
1101
1011
1111
0110
1111
0111
1101
1101
1111
0010
0100
1110
0011
0110
1100
0001
1101
1111
0111
1010
0111
0011
0001
1101
1110
1101
0111
0000
0100
0111
1000
0110
0000
0000
1000
0100
1110
1010
1111
0000
0101
0100
0101
1100
1101
0010
0010
1010
0011
0000
0011
0100
0111
0110
0001
1001
1111
0101
1101
0000
1110
0001
1011
0110
0111
0101
0001
0010
0100
0101
0001
0111
0100
0000
0100
1000
