1010
1000
1000
0001
0100
0011
1100
1001
1100
1001
1010
1000
0001
1101
0110
1010
1011
1011
0110
0101
0100
1011
0001
0100
0101
0001
1001
1010
0000
0111
1000
1111
0101
1010
1110
1101
0010
0011
0011
1000
1110
1110
1111
1011
0101
1011
0000
1001
1100
1011
0011
0000
0000
0100
1010
0111
1010
0110
1010
0000
1000
0101
0010
0101
0111
0000
0100
0011
0101
0111
0100
1110
1111
1001
0000
0011
1010
1001
1100
0010
1010
0011
1010
0010
1111
0011
0101
0000
1000
0001
0000
1110
0110
0011
1111
1001
0010
1100
1101
1001
