0010
0111
1101
0100
1110
0110
0100
1001
0010
0001
0000
0100
1001
1001
0001
0100
1001
1100
1010
0000
0110
1111
0100
0001
1010
0000
1101
0011
0111
0011
0101
0010
0010
0111
1110
1100
0101
1100
0110
1001
1001
0011
0110
0011
1011
0000
0101
1101
1001
1001
1001
1000
1001
0010
1010
0110
0011
0000
1110
0001
1010
0011
1101
0111
0110
0001
0001
1101
1101
0010
0101
0001
1101
0101
1000
0001
0100
1000
0100
0011
0100
1001
0100
1101
0010
0111
0111
0101
1001
1001
1001
0110
0011
1111
0100
1011
0110
1000
0010
0001
