0101
1000
0100
0011
1000
1001
1101
0101
0100
0000
1011
0000
0111
1011
1000
0000
1011
0010
0110
1111
1111
0100
1010
1101
0101
0111
0111
1010
0101
1110
1100
0010
1000
1101
1010
0011
1100
0001
1011
1000
0111
0000
1101
0110
0000
1010
1111
1001
1010
0111
1111
0011
1111
0011
0111
0110
1101
0100
0110
0111
1000
1110
1000
1111
0110
1001
1001
0001
1011
0001
0100
1011
0110
1000
1000
1100
1001
0101
1010
0011
1110
1010
0001
1001
1010
0001
0100
0001
1000
0101
0011
1101
0111
0110
0110
0011
0011
1011
0100
0110
