0000
1110
0011
0111
1110
0011
1000
1011
1000
1000
1010
1000
0101
0110
0001
0110
1011
0000
1100
0010
0010
1011
1001
0001
1010
0110
0111
1110
0101
0011
0011
1001
0111
1011
0000
0011
0000
1001
0000
0010
1110
1001
1111
1000
0110
0011
1011
0010
1110
1010
0111
0010
0011
1010
1001
1000
1101
0010
1111
1110
1001
0111
1000
0001
0101
0101
0000
1010
0101
0100
0010
1111
0000
1110
0010
0001
0101
1001
0010
1000
0011
1010
1100
1100
1010
0001
1110
1000
0000
1111
0011
1101
0110
0101
1000
0011
1010
1010
0010
0011
