0111
1001
0000
0111
0110
0111
1011
0110
0001
0111
0101
1000
1101
0111
0001
1110
1110
1001
1100
1110
1001
0100
1111
0101
1011
1001
0101
0011
1100
0000
0001
0011
0110
1100
1100
1101
0011
0011
1110
0101
1010
1001
1010
1001
0110
1111
0100
0111
0001
1100
0101
0101
1010
1011
0010
0111
1101
1100
0011
1011
1001
0101
0101
1110
1011
0101
0100
1000
0101
0010
1111
1001
1000
1111
0100
1010
1100
1101
0111
0101
1001
1000
1101
0111
0101
0010
0011
0011
0000
1100
0100
1001
1000
1011
0000
0111
0011
0011
0000
0000
