1101
1100
0000
0111
1010
0011
1000
1010
0110
1010
0000
0110
1000
1110
1000
1101
1010
0001
1111
1001
1010
0111
0101
1010
1100
0001
1000
1101
0101
1010
1111
0010
1100
1101
0101
0000
1011
1110
0011
0101
1011
1101
0011
0110
0000
1001
0010
1110
1011
0000
1110
0001
0001
1111
1011
0110
1000
0101
0101
0111
1111
1111
1000
1000
0011
0111
0000
0000
0101
1101
1100
0000
0011
1100
0110
1001
1101
0010
1010
0100
0100
1100
0001
0100
0000
1010
0010
1110
0101
1100
0110
1010
1010
0101
0001
1111
1001
1111
0110
1110
