0100
0010
1001
0100
1010
0000
1001
0010
0001
1000
1011
1010
0111
1100
1110
1001
0000
1101
1011
1011
1101
0111
0111
1000
1100
1110
0110
1111
0101
1101
1110
1101
1111
1010
0011
0001
0101
1101
1110
1100
0100
1100
0110
1101
0000
0101
1111
1100
1011
0010
0101
0110
1010
0100
1010
1101
1011
0000
0000
0110
1110
1011
0011
1100
0010
1000
1011
0001
1010
0101
1001
1001
1111
1101
1010
0011
1011
0101
1010
1011
0100
1010
0001
0000
0011
1011
0011
0101
1001
0001
1011
0100
1110
1110
0110
1000
0110
0110
0001
1100
