1111
1010
0110
1111
0111
1011
0011
0100
0001
1110
0000
1110
1000
0111
0011
1111
0111
0010
0011
1101
0100
0110
1101
0110
1011
0101
0001
0000
0011
1110
1011
0011
1010
0011
0110
0110
1010
0000
0110
1010
0001
0111
0110
1101
1111
0011
1101
0101
1111
1100
1011
0110
0011
0010
0010
0101
0110
0101
1101
0000
0000
0100
0100
1100
1110
1011
0000
1001
1001
0011
1100
1000
1110
1111
1111
1100
1100
0000
0111
1011
1000
1000
1101
1100
1100
0101
1011
0100
1011
0001
0000
0000
0110
0111
0010
1010
0000
1011
0100
1110
