1111
0001
1001
1011
1001
1111
0001
1001
0101
0101
1011
0011
1000
1000
1001
1111
0010
0010
0000
1100
0010
1110
1101
1100
0111
0100
1001
1001
1011
0000
1010
0001
1111
1110
0000
0001
0100
1110
1001
1000
1101
1001
1111
1011
0000
1000
0100
1011
1111
0001
1011
1010
1101
1010
0000
1100
0000
1011
1000
1000
1011
1001
1011
0100
0101
0001
0001
0011
0011
1001
0010
0101
0110
1000
0101
1001
0110
0100
0001
0101
1101
1111
1101
0000
0000
1010
1000
0101
0100
0000
0011
0001
0011
0111
0010
1100
0111
0000
1110
1111
