0100
0010
0001
1001
0010
0111
1110
1000
0010
1000
1010
1011
0001
1111
0001
0000
0100
0111
1001
0011
0101
0011
0000
0110
0101
0101
0010
0100
1000
1101
1011
1000
1000
0011
0101
0110
1111
0110
1101
1110
1111
0010
0000
1101
1100
1010
0110
0100
1101
0111
0001
1101
0000
1101
1110
1001
1100
0001
1111
1110
1000
1100
1010
1010
1000
1100
1110
1010
1000
1110
0000
1001
1101
1110
1111
0101
1110
1100
0011
0011
0111
1110
1100
0110
1111
1110
1011
0010
0001
0111
1000
1111
0010
1011
0010
0010
0101
1110
0101
0101
