0100
1111
1100
0111
1010
0101
1111
1111
1111
1110
0010
1110
1001
0100
0011
0101
0110
0101
1010
1110
1000
0001
1010
1001
1101
0001
1111
0000
0101
1000
1000
1101
1000
0000
1100
1000
0000
1101
0011
0011
1100
0100
1010
1110
0000
0100
0101
1111
0011
1110
1010
1101
1101
1111
1011
1010
1001
0001
0011
0010
0011
0011
0011
1010
0000
0000
0101
0000
0001
1100
1000
1110
0110
0100
0101
1100
1100
1000
0000
0110
1000
1101
0111
0001
1001
1010
0001
0001
0100
0110
1101
1001
0001
0000
0001
1001
0000
0011
1010
0000
