0010
0110
0110
0000
1101
0001
1001
0100
0110
0110
1011
1000
1110
1101
1001
0101
0011
0110
1100
0010
1110
0011
1010
0001
0100
1000
0101
0001
0100
1001
0001
0010
0111
1001
1110
1011
1010
1011
0110
0100
1010
1011
1000
1100
0100
0001
1000
0111
0101
1111
0111
1110
0111
0101
1010
0001
1111
1011
1100
0001
1010
1111
1000
0001
1000
0100
0010
0001
1011
1001
1010
1010
1110
0100
0001
1011
1001
1110
0010
0111
0110
1011
0111
0010
0000
0101
1011
1100
1111
0101
1011
0000
1000
1000
1100
0011
0011
0000
0110
1110
