1001
0100
1001
0001
0000
1111
1101
1011
1010
0100
0101
0111
0000
0000
1001
0010
1100
1100
1011
1100
0101
1001
0000
1011
0110
1111
1001
1111
0010
1111
0101
1010
1101
1010
0011
0101
1001
1010
0011
1100
0101
0111
0010
1111
1110
1000
1100
1100
0010
1000
1111
0011
1111
1010
0010
0010
0111
0000
0100
0010
1011
0010
1111
1000
1000
0000
1010
0100
1111
0110
1111
1101
0011
1110
0111
1000
0100
0011
1011
1000
1110
0001
1111
0010
1101
1001
1000
0001
1010
1100
1110
1001
1100
0101
1010
0101
1110
1100
1011
0101
