1000
1011
1001
0000
0011
1100
0010
0001
1111
0011
0011
1101
0110
0010
0010
0010
0001
1101
0101
1111
1010
0100
1000
0001
1000
1000
0111
1010
0001
0001
0000
1101
0101
1011
0100
0001
0100
1011
0101
0001
1000
1000
1101
1001
1000
1101
0011
1111
1011
0111
0100
0010
1010
1001
1100
1100
1100
0010
1011
1010
0101
1100
0101
1101
0110
1011
1101
1001
0110
0100
0111
0010
0101
0000
0001
0110
0110
1000
0001
0110
0010
0111
1111
0101
0111
0011
0001
0111
1100
1001
1111
0010
0110
0001
1101
0011
1000
0111
1100
0100
