1000
1111
1011
1010
0100
0111
0111
0001
0111
0111
0000
0111
1011
0011
1101
0101
1101
1010
1111
1101
0010
1000
1101
0001
1110
0101
1111
0011
1001
1110
0111
1101
1011
0000
0011
1100
1101
0001
0010
0101
1100
1101
1011
0100
0001
1000
1100
1000
0101
0111
1000
1011
0000
0101
0000
0010
0100
1100
1110
0110
0000
1001
1101
1010
1100
1100
0011
0000
0110
1010
1001
1000
0011
1011
1010
0011
0111
0001
0100
1110
0110
1110
0001
0000
1101
1110
0010
0111
0011
0000
0110
1000
0001
1001
1010
0000
1010
1000
1100
0100
