1010
0001
0010
1011
1011
1101
0100
0111
1011
0111
1011
1001
0000
0111
0011
0011
1101
0011
0101
0011
1000
0011
0111
1001
0101
1101
1100
0100
0110
1011
1101
1110
0111
1000
1100
0010
1101
1101
1010
0110
1011
0001
0000
1001
0111
1101
1111
0110
1011
0001
1010
0001
0111
1110
1000
0111
1001
1101
1011
1101
1100
1011
0000
1100
1011
0010
1111
1010
0101
0001
1011
1110
1100
1100
1011
0101
1000
1110
0011
1001
0101
1110
1010
0111
1011
0010
1000
1000
1000
0001
1011
1100
1000
1101
1101
0101
0000
0001
1111
0011
