0111
0111
0000
0001
0101
1001
1001
0111
1101
0110
1100
0011
0011
1100
1100
0110
1010
0100
1100
0101
1110
0110
1111
0011
0010
0100
0101
1000
1111
0011
1101
1001
1001
0000
0100
1001
1100
0111
0001
0100
1101
1100
1110
0000
1101
0000
1010
0010
0000
1000
0010
0110
1000
1100
1010
0101
0110
0110
0011
1010
0100
1110
0010
0111
1110
0110
0101
0001
0100
1111
1010
0011
0110
0000
1000
0001
0111
0100
0001
1010
1111
1001
1011
0111
0111
0011
0010
0111
0000
0001
0101
0100
1010
0011
0000
1101
1011
0101
1100
1110
