1110
0011
0111
0100
1010
1001
1011
1111
1101
1011
0111
1010
1100
0001
1010
0101
0000
1111
0101
0111
0111
1010
0010
0010
1011
0011
1001
0010
1000
1110
1110
1011
1010
0010
1000
1101
1001
1000
0000
0100
0101
1111
1010
0110
1111
0111
0011
0001
1000
1110
0101
1001
0100
1001
0010
0010
0100
1011
1011
0001
1101
1100
0100
1011
0100
0111
0101
0011
0100
0101
0110
0110
0000
0110
0110
1010
1100
0101
0101
1110
0100
1111
1000
1101
1010
1001
1111
1101
0100
0000
0000
0000
1011
0111
0011
1010
0111
0101
1010
0110
