0 0.008622222 0.01901096 0.05236681 0.1104 0.1609778 0.250589 0.3980332
0 0.01962222 0.02833701 0.04204077 0.1180222 0.1223556 0.3836408 0.2859815
0 0.04137778 0.02871462 0.0499076 0.08952222 0.0991 0.2917632 0.3996146
0 0.01 0 0.03 0.08694444 0.1530556 0.3830556 0.3369444
0 0.03153333 0.02925215 0.02921452 0.05706667 0.0914 0.3936812 0.3678521
0.01061136 0.008410864 0.07126519 0.08971259 0.02672198 0.1142558 0.2914015 0.3876207
0 0 0.02854482 0.07145518 0.02893333 0.08106667 0.3025218 0.4874782
0 0.02082222 0.007620074 0.0315577 0.1441222 0.04505556 0.3382577 0.4125645
0 0.009811111 0.01712741 0.06306148 0.03866667 0.08152222 0.3442059 0.4456052
0 0 0.02778008 0.06221992 0.04647778 0.1435222 0.3557421 0.3642579
0 0 0.0418415 0.0281585 0.03632222 0.1336778 0.3518363 0.4081637
0 0.01938889 0.04849111 0.08212 0.06946667 0.08114444 0.3220422 0.3773467
0 0.01061111 0 0.01938889 0.03927778 0.1001111 0.2707222 0.5598889
0 0 0.05274495 0.03725505 0.068 0.152 0.2792551 0.4107449
0 0.03077778 0.006336543 0.06288568 0.1347333 0.06448889 0.2389301 0.4618477
0 0.02972222 0.0007382716 0.09953951 0.08666667 0.1336111 0.3925951 0.2571272
0 0.02012222 0.01943204 0.03044574 0.1309444 0.1189333 0.2996235 0.3804987
0.00989463 0.02011648 0.04116093 0.05882796 0.07004981 0.1299391 0.2288946 0.4411165
0 0 0.02917969 0.05082031 0.08926667 0.1407333 0.3015536 0.3884464
0 0.01973333 0.06227862 0.05798805 0.08124444 0.05902222 0.2864769 0.4332564
0 0.04195556 0.06163081 0.03641363 0.02515556 0.09288889 0.3732136 0.3687419
0 0.04097778 0.0534516 0.03557062 0.04622222 0.1528 0.2503262 0.4206516
0 0.008 0.02532 0.10668 0.07977778 0.1122222 0.3049022 0.3630978
0 0.009111111 0.0170042 0.07388469 0.04815556 0.1227333 0.3048402 0.4242709
0.01008049 0.008475062 0.01663556 0.06480889 0.0960084 0.215436 0.3172756 0.27128
0 0.02105556 0.006496049 0.0424484 0.03711111 0.09183333 0.3963928 0.4046627
0.007811111 0 0.06448315 0.03770574 0.1120222 0.1501667 0.2656835 0.3621276
0 0.06306667 0.01648973 0.0404436 0.05376667 0.1531667 0.3597436 0.3133231
0 0 0.08631191 0.02368809 0.06827778 0.1217222 0.2954103 0.4045897
0 0.01831111 0.028752 0.06293689 0.1621333 0.1395556 0.2491147 0.3391964
0 0.008311111 0.01653649 0.0651524 0.1187111 0.1529778 0.3347524 0.3035587
0 0.02975556 0.02660642 0.08363802 0.07866667 0.1215778 0.2947269 0.3650286
0 0.009322222 0.01918072 0.04149706 0.1114889 0.1091889 0.2893304 0.4199918
0 0.01982222 0.04119546 0.02898232 0.07608889 0.1440889 0.3627157 0.3271066
0 0.01941111 0.0291381 0.06145079 0.07917778 0.1314111 0.2716841 0.407727
0 0.03052222 0.02835088 0.0511269 0.06678889 0.1326889 0.3348602 0.355662
0.009844444 0.01987778 0.02978025 0.07049753 0.08126667 0.1390111 0.1991086 0.4506136
0 0.02082222 0 0.03917778 0.06797778 0.1212 0.3520222 0.3988
0 0.009766667 0.02719899 0.07303435 0.03931111 0.06092222 0.3534899 0.4362768
0 0.009322222 0.03271911 0.02795867 0.0696 0.1510778 0.2176809 0.4916413
0.008555556 0 0.04003938 0.05140506 0.09054444 0.1309 0.3308606 0.3476949
0 0 0.07249962 0.05750038 0.09182222 0.06817778 0.2956782 0.4143218
0.009817679 0.02004899 0.0294317 0.06070163 0.07978232 0.150351 0.2409683 0.4088984
0.01006575 0.02106758 0.03150585 0.02736081 0.0808898 0.1079769 0.2475386 0.4735947
0 0 0.05336414 0.02663586 0.08926667 0.1407333 0.2773692 0.4126308
0 0.02 0.04365432 0.01634568 0.08888889 0.1411111 0.2674568 0.4225432
0 0.009222222 0.0409263 0.04985148 0.05892222 0.1018556 0.3101515 0.4290707
0.008693778 0.03170622 0.02788153 0.07171847 0.1022618 0.1173382 0.2511629 0.3892371
0 0.008544444 0.05251232 0.04894323 0.0902 0.1112556 0.2772877 0.4112568
0 0.02051111 0.01890941 0.03057948 0.09962222 0.09986667 0.3514684 0.3790427
