0.03011554 0.02988791 0.04023162 0.009385133 0.04981804 0.07017852 0.03933279 0.09105045 0.03949577 0.08024826 0.07993576 0.1007 0.1003181 0.09993785 0.1107524 0.02861187
0.01995684 0.04002923 0.01963191 0.06050827 0.03037067 0.009541733 0.0401171 0.02984423 0.04959648 0.1407791 0.06961074 0.1098875 0.04976692 0.07995906 0.1509493 0.09945094
0.01000317 0.01005231 0.02000604 0.009793022 0.07094847 0.009298576 0.02950147 0.07039694 0.02985723 0.01974789 0.1107427 0.06979765 0.09944366 0.1206487 0.1294973 0.1902649
0 0.009485535 0.009575879 0.04042343 0.06049512 0.02943053 0.06003509 0.09055441 0.05976668 0.08065587 0.1006534 0.06943922 0.07976043 0.1104058 0.08971342 0.1096052
0.0197066 0 0.009679795 0.03009845 0.1016768 0.008819602 0.05977668 0.07024203 0.05025488 0.08005872 0.0697232 0.1104783 0.01830107 0.1211823 0.1608809 0.08912056
0.02958186 0 0.02962701 0.1009932 0.0602927 0.02993255 0.02934749 0.07022523 0.05042962 0.03970569 0.03942752 0.1102351 0.1103898 0.04966781 0.140904 0.1092404
0 0.02959898 0.04006562 0.05023944 0.06054826 0.03903654 0.04969467 0.1008165 0.03973346 0.05025342 0.08046487 0.05964421 0.05938293 0.1814464 0.09011019 0.06896451
0.01984814 0.01972313 0.05027166 0.05039949 0.05028469 0.03983948 0.02983733 0.02979607 0.0599476 0.08027911 0.08021686 0.039314 0.09976806 0.1303098 0.09982566 0.1203389
0 0.0196264 0 0.04991906 0.03013545 0.009324473 0.07074659 0.07024803 0.09009132 0.08024996 0.130266 0.08984723 0.06982576 0.1207466 0.04893485 0.1200382
0 0.01972383 0.02013763 0.01977389 0.04975004 0.08073933 0.02955444 0.09032084 0.07006632 0.04011389 0.03972905 0.1004554 0.1307544 0.05885224 0.09000817 0.1600206
0.02005177 0.02980431 0.04012416 0.04002784 0.02966126 0.04994663 0.03966692 0.0907171 0.009165165 0.1008293 0.08038683 0.05961066 0.120942 0.09959959 0.09000188 0.0994646
0 0.04002264 0.01989676 0.0300705 0.04013379 0.01944561 0.039931 0.0704997 0.03942684 0.0603384 0.08032108 0.07992378 0.1304697 0.130163 0.09982086 0.1195363
0.009809894 0.04015155 0.03023133 0.009486013 0.07088851 0.03939572 0.03993347 0.05010351 0.02938304 0.1205121 0.06983667 0.1105894 0.0695731 0.1302861 0.100344 0.0794756
0.00988221 0.01996284 0.01976482 0.03003963 0.060482 0.0298435 0.06000258 0.08002241 0.02949975 0.0908249 0.100571 0.06945487 0.09034613 0.02915866 0.0994515 0.1806932
0.02015991 0.009554397 0.009721274 0.05046442 0.0710574 0.02912677 0.01967667 0.06023916 0.03974402 0.09028914 0.06023469 0.08983214 0.05908917 0.1809792 0.09031685 0.1195148
0.02985276 0.04030325 0 0.05984197 0.07048813 0.0294716 0.06054099 0.0195013 0.07000986 0.03940383 0.06923994 0.1113484 0.1198482 0.1306223 0.09002008 0.05950733
0.01998213 0.009846702 0.01996403 0.02000309 0.05044385 0.009455244 0.05019158 0.04011337 0.1002134 0.07003155 0.07972881 0.09023033 0.09947682 0.1105503 0.1299994 0.09976937
0 0.049993 0.009291529 0.0403478 0.06030789 0.06031838 0.03975484 0.04998656 0.0797285 0.05009669 0.141183 0.06935948 0.0799131 0.06964244 0.08982112 0.1102557
0.00946572 0 0.03007139 0.05015077 0.04948659 0 0.08064158 0.09018395 0.07058693 0.0498423 0.04940288 0.13048 0.1111759 0.06944255 0.069169 0.1399004
0 0.0295522 0.03001183 0.06047537 0.04015677 0.04011235 0.009227052 0.06046443 0.06965547 0.09080042 0.04953678 0.09996794 0.1003534 0.06936938 0.1410587 0.1092579
0.01989902 0.0301703 0.009739781 0.01983939 0.0291104 0 0.08068353 0.09055759 0.08017065 0.08010043 0.06993269 0.1001477 0.1011017 0.08944745 0.07936219 0.1197371
0.01980923 0.06027847 0.01952681 0.04019256 0.03999232 0.05981846 0.0603135 0.07006865 0.03975185 0.100211 0.1111903 0.03903985 0.07009307 0.1100456 0.04932295 0.1103454
0.009986249 0.009786773 0.009572992 0.05034388 0.04003664 0.05017612 0.05038269 0.04971465 0.01937493 0.07026518 0.1004953 0.1401747 0.1208234 0.08955071 0.05932782 0.129988
0.009812043 0.04031841 0.04943723 0 0.04052799 0.01964206 0.03963739 0.08062489 0.03971433 0.1003229 0.1310465 0.1393485 0.0296123 0.06004998 0.1102122 0.1096932
0.009832881 0.05051212 0 0.0194449 0.01991986 0.009231598 0.06000835 0.1110503 0.02969564 0.1003876 0.04937506 0.1007518 0.08030919 0.1101111 0.150859 0.09851063
0.02991411 0.01983506 0.05030663 0.02983915 0.08017803 0.0598921 0.05988896 0.06014596 0.06006846 0.03984298 0.0598245 0.07036911 0.1098859 0.1103834 0.08993344 0.06969224
0 0.009785093 0.01972164 0.0401367 0.05060994 0.02967806 0.02936612 0.09070244 0.01958715 0.04007422 0.1307379 0.1299573 0.05972614 0.1105394 0.1202511 0.1191268
0 0 0.02981739 0.02977049 0.009580919 0.05004852 0.08061771 0.08016497 0.02970881 0.09012149 0.1007256 0.07985625 0.07024764 0.1302926 0.08930196 0.1297457
0.02964144 0 0.0093308 0.06066412 0.05001593 0.02974569 0.05981098 0.100791 0.08074767 0.04957049 0.09040192 0.07964356 0.09000809 0.08027069 0.1000432 0.08931441
0.009554348 0.03019966 0.03992812 0.06052393 0.0606971 0.009617928 0.0297286 0.01975031 0.059741 0.08041812 0.06929433 0.1103405 0.110154 0.04961783 0.1709025 0.08953174
0.01999013 0.009706164 0.02000759 0.03008601 0.07034993 0.03978322 0.06065637 0.02942059 0.05969189 0.08040171 0.04977437 0.09034214 0.1503751 0.09970183 0.05915461 0.1305583
0.009599617 0.06063618 0.04011317 0.04968741 0.01963857 0.04007284 0.07045886 0.04979336 0.0297675 0.05980075 0.03894006 0.1714553 0.1009165 0.06956801 0.1205657 0.06898613
0 0.02973667 0.04022018 0.03984921 0.06067727 0.01919622 0.1009958 0.04932464 0.03960157 0.06051631 0.04934578 0.1207303 0.05961005 0.1106619 0.09954934 0.1199848
0 0.009034703 0.03015413 0.0401647 0.05015801 0.02951595 0.0602836 0.1006889 0.08972787 0.1414798 0.05984389 0.07959485 0.0903525 0.06973112 0.04948 0.09978992
0.03002759 0.0301019 0.03001253 0.02996707 0.02999174 0.0195539 0.07058034 0.03976492 0.0803701 0.04964687 0.0596913 0.08018263 0.07956006 0.1307478 0.1197663 0.1200349
0 0 0.09028564 0.07966588 0.02990981 0.05018625 0.01900006 0.1109524 0.05005007 0.01926306 0.1106308 0.1101046 0.06012092 0.09046988 0.08000272 0.09935799
0.009813382 0.03987229 0.0296357 0.07056752 0.06079746 0.04970976 0.02976876 0.05983513 0.01947579 0.1207598 0.1212741 0.04860146 0.03961943 0.08995214 0.05961537 0.150702
0.009554679 0.01992586 0.009011697 0.04110372 0.08997125 0 0.02971477 0.100718 0.1209463 0.09001757 0 0.1094401 0.06032674 0.09925757 0.09047455 0.1295371
0.03002032 0.009580237 0.04042609 0.01982486 0.03994189 0.0398728 0.04985964 0.08047416 0.1107375 0.08019127 0.03960189 0.03961786 0.06944983 0.1002062 0.1099629 0.1402326
0.0199074 0.01990771 0.03024492 0.01960462 0.04934024 0 0.06045586 0.08053925 0.09040491 0.06971129 0.05957271 0.1306464 0.07058179 0.1501467 0.05949217 0.08944403
0 0.02972799 0.0502198 0.06026433 0.05028042 0.01939262 0.04966692 0.09044792 0.02952126 0.04049014 0.05992596 0.06985052 0.1002973 0.1002903 0.1200883 0.1295362
0 0.01933373 0.009407959 0.09120982 0.03011145 0.03978326 0.06022724 0.06992653 0.1006655 0.06024321 0.05000777 0.05913202 0.02922307 0.1206398 0.120357 0.1397316
0.009646393 0.009800141 0.02997367 0.06032424 0.0400316 0.03980513 0.06029018 0.08012865 0.09085481 0.03951583 0.05980329 0.1100816 0.0698076 0.1105385 0.06959246 0.1198059
0.009349211 0 0.009645087 0.05055419 0.05020273 0.04984909 0.06026814 0.08013156 0.04024453 0.1204416 0.07032057 0.0694448 0.09025908 0.08965375 0.07971065 0.129925
0.01994248 0.01976639 0.07085928 0.01952883 0.06057344 0.0296852 0.0297635 0.02988088 0.03943647 0.09053042 0.07957295 0.09036319 0.09984862 0.110217 0.1100033 0.1000281
0 0.02971751 0.009818786 0.02994249 0.05062491 0.02968194 0.04989727 0.1203171 0.05996584 0.1110318 0.04995142 0.08957215 0.02962137 0.02935662 0.1001204 0.2103804
0 0.009532848 0.01988907 0.0400892 0.05047104 0.03975247 0.06020489 0.1000605 0.04994992 0.07052228 0.08035187 0.09966482 0.04975076 0.08002069 0.06938246 0.1803572
0.01972599 0.03003338 0.01970532 0.0604343 0.03992389 0.07043856 0.02951222 0.08022633 0.09084374 0.0495383 0.06017164 0.06954733 0.05976092 0.07973521 0.1003563 0.1400466
0.01989326 0.02999426 0.01954749 0.08069732 0.06038349 0.02941631 0.02951152 0.1005564 0.02979185 0.05006407 0.07052984 0.06948191 0.1003132 0.1001435 0.08002933 0.1296462
0.009722157 0.009528051 0.02983899 0.07048656 0.02971109 0.08046206 0.04988292 0.08036816 0.07041877 0.0800482 0.06992872 0.1100286 0.06004293 0.1000667 0.09045442 0.05901167
