0 0.02981471 0.03117535 0.03903822 0 0.09006346 0.08005358 0.08985467 0 0.09044286 0.07952886 0 0.07935859 0.06032038 0.1398836 0.1904657
0 0.02970773 0.04143913 0.03915011 0 0.04914712 0.07059657 0.07995934 0 0.1004498 0.04925318 0 0.1397253 0.1209701 0.07898587 0.2006158
0 0.009580605 0.04174231 0.0286084 0 0.04949759 0.09069908 0.08987201 0 0.1005689 0.0994998 0 0.07943434 0.1009186 0.08862446 0.2209539
0 0.01996911 0.02099177 0.0392472 0 0.06991516 0.05978869 0.1200881 0 0.04010968 0.05968224 0 0.07975354 0.08025252 0.1397838 0.2704183
0 0.02972764 0.01094791 0.06969919 0 0.05979724 0.050258 0.04957001 0 0.1206421 0.0389832 0 0.1096263 0.1002068 0.1401846 0.2203571
0 0.009741876 0.01039055 0.07017868 0 0.07953124 0.07959023 0.1205674 0 0.03011267 0.03957622 0 0.08946667 0.1311475 0.2009763 0.1387206
0 0.06006593 0.04021506 0.01973517 0 0.06964372 0.08008327 0.1002568 0 0.1204916 0.06022123 0.01927096 0.06917071 0.07062799 0.1403097 0.1499077
0 0.009489649 0.02110683 0.08975705 0 0.0800596 0.02911891 0.1104679 0 0.08058611 0.04906036 0 0.07964141 0.08022323 0.1710725 0.1994164
0 0.01961517 0.01969349 0.111254 0 0.05951175 0.1008921 0.09903348 0 0.06049594 0.009867938 0.009073496 0.07983838 0.08053875 0.109708 0.2404774
0 0 0.01959346 0.05051362 0 0.07009382 0.02899734 0.1008018 0 0.09017576 0.05056254 0.009154627 0.06937374 0.1003567 0.2314729 0.1789037
0 0.01972538 0.009799792 0.03032534 0 0.0694787 0.07997027 0.1307005 0 0.1107433 0.0402208 0.009185384 0.08945051 0.0906021 0.1605586 0.1592393
0 0.009685088 0.0514864 0.05919113 0 0.02947839 0.08025265 0.05990634 0 0.05010077 0.1195366 0 0.08946667 0.1012691 0.1692577 0.1803692
0 0.02995306 0.0313531 0.03892819 0 0.0695434 0.03959321 0.110629 0 0.04990957 0.08985609 0 0.07942929 0.1611647 0.1097683 0.1898721
0 0.02976762 0.05145189 0.03908352 0 0.06963138 0.02877262 0.141293 0 0.0804344 0.04926257 0 0.08949091 0.09067569 0.171022 0.1591144
0 0 0.04111965 0.03911065 0 0.02953523 0.04948034 0.1007541 0 0.04990505 0.08986465 0 0.109802 0.0807577 0.1897333 0.2199372
0 0.03994906 0.02107516 0.06934952 0 0.03966517 0.07028714 0.05967396 0 0.1004318 0.07919451 0 0.05927273 0.0906813 0.1701705 0.2002493
0 0.01992254 0.02089554 0.06963546 0 0.05968762 0.0394294 0.1004294 0 0.01980271 0.07974375 0 0.1803313 0.04025581 0.1396 0.2302664
0 0.02980008 0.04118104 0.02923807 0 0.03932482 0.09057012 0.05988586 0 0.1105504 0.05923038 0 0.1495455 0.06077922 0.159473 0.1704215
0 0.03989505 0.01985659 0.06064633 0 0.05968059 0.04991041 0.08001102 0 0.1004948 0.0300581 0.009049075 0.07946869 0.1104608 0.1607062 0.1997623
0 0.03006022 0.03112483 0.02904222 0 0.04991947 0.0494012 0.08045205 0 0.0701923 0.08958043 0 0.06928283 0.08054517 0.2306107 0.1897886
0 0.009471452 0.04177897 0.04885059 0 0.07014277 0.02920053 0.1005557 0 0.1208417 0.07905731 0 0.0694404 0.06010369 0.1605228 0.2100341
0 0.01965774 0.04174549 0.02869172 0 0.05919712 0.008957305 0.1517506 0 0.09029782 0.07960723 0 0.1096444 0.1612029 0.09004553 0.1592021
0 0.01968727 0.04129766 0.03918477 0 0.06941123 0.07013966 0.08027942 0 0.07011879 0.08971151 0 0.1596222 0.1011605 0.1092289 0.150158
0 0.02003182 0.03105823 0.02923722 0 0.01935906 0.02875961 0.1515541 0 0.04014494 0.04952778 0 0.08984848 0.08061569 0.2208059 0.2390572
0 0.02998503 0.0412956 0.07932947 0 0.08055912 0.03945786 0.04937292 0 0.03998669 0.08940321 0 0.06957778 0.03989139 0.1902655 0.2508754
0 0.01983907 0 0.04027911 0 0.06979343 0.02998186 0.07010653 0 0.1003761 0.04014863 0.009357104 0.1600495 0.1199419 0.09982001 0.2403067
0 0.02991668 0.04108296 0.04953874 0 0.04964679 0.02901443 0.0908004 0 0.06017928 0.04928233 0 0.1296515 0.08060574 0.2209688 0.1693124
0 0.02988515 0.01059098 0.08012084 0 0.0493839 0.06026253 0.0597566 0 0.05007445 0.03932858 0 0.1498586 0.1207979 0.1499593 0.1999811
0 0.01960647 0.00973431 0.0404663 0 0.07994482 0.04950462 0.1307435 0 0.1410006 0.05036989 0.008822436 0.09966465 0.02978347 0.1507265 0.1896324
0 0.01969638 0.04136341 0.07944931 0 0.08057976 0.0393593 0.05955185 0 0.08055009 0.05894082 0 0.04941414 0.03975964 0.2109223 0.240413
0 0.0299659 0.0003144391 0.03976007 0 0.04928285 0.07972796 0.1009488 0 0.09037956 0.05958004 0 0.1192818 0.1010899 0.2310957 0.09857297
0 0 0.03115879 0.06908767 0 0.05990185 0.039951 0.06990068 0 0.08991919 0.08983434 0 0.07957071 0.1206083 0.1094852 0.2405824
0 0.03016169 0.02106224 0.0291195 0 0.07037434 0.0399402 0.03934203 0 0.04999993 0.06965664 0 0.1097859 0.05967819 0.1695551 0.3113243
0 0.01975884 0.02100567 0.03932337 0 0.07994269 0.0597838 0.09018563 0 0.09049268 0.05941945 0 0.07935051 0.1004553 0.1704406 0.1898415
0 0.00960175 0.03123373 0.03926149 0 0.0695536 0.04953025 0.1208192 0 0.0804629 0.05944013 0 0.1196768 0.100705 0.1401191 0.1795961
0 0 0.02054781 0.02935724 0 0.09988323 0.05966689 0.1205448 0 0.08009899 0.04999596 0 0.0793899 0.1306279 0.1503994 0.1794878
0 0 0.039591 0.06058577 0 0.08016624 0.08016105 0.06949594 0 0.03969697 0.1013561 0.008770132 0.09970909 0.0604277 0.1391827 0.2208572
0 0.009646069 0.05133837 0.06966203 0 0.02902199 0.07024152 0.10009 0 0.03011151 0.03924203 0 0.1602263 0.09099418 0.1089518 0.2404742
0 0.02982965 0.051733 0.02876058 0 0.02932976 0.05002462 0.07032239 0 0.1003017 0.08937511 0 0.1194788 0.1110601 0.1293885 0.1903958
0 0.00960018 0.05164352 0.05897853 0 0.07995313 0.05973946 0.09008518 0 0.05010083 0.1096769 0 0.08951919 0.09082667 0.1194209 0.1904555
0 0.009511887 0.03110053 0.07994314 0 0.04967595 0.06042947 0.01933902 0 0.07024569 0.06919876 0 0.1395152 0.1310513 0.1697561 0.170233
0 0.009459704 0.05149413 0.05938556 0 0.04883476 0.09068777 0.1001381 0 0.06027767 0.05938294 0 0.1095354 0.1718925 0.07889981 0.1600117
0 0.02992186 0.01119257 0.03893001 0 0.03968018 0.08071692 0.07955846 0 0.1207206 0.069235 0 0.03933737 0.09034003 0.1295181 0.2708489
0 0.01975534 0.01059997 0.09011439 0 0.04953402 0.06993037 0.1100659 0 0.06041638 0.02911392 0 0.09985859 0.07043567 0.1704972 0.2196783
0 0 0.08154002 0.06918321 0 0.04981538 0.01944214 0.06001924 0 0.08991919 0.03935758 0 0.0795 0.1307654 0.1501603 0.2302975
0 0.009572818 0.04173633 0.02898984 0 0.05988709 0.0198211 0.04999281 0 0.1105242 0.04917686 0 0.08946869 0.1905472 0.109797 0.240486
0 0.009782205 0.000734222 0.01926842 0 0.03958837 0.08005025 0.1205765 0 0.1108542 0.04936099 0 0.06949495 0.07028032 0.2003596 0.22965
0 0.029993 0.0108603 0.06960327 0 0.01921311 0.04990867 0.09042165 0 0.06011609 0.06942734 0 0.1500818 0.07059598 0.1497219 0.2300569
0 0.03001292 0.03114637 0.04942656 0 0.03971907 0.02960929 0.08008578 0 0.06024971 0.02916444 0 0.07970909 0.1103092 0.1703708 0.2901967
0 0.009584818 0.04119176 0.04970827 0 0.06992788 0.03970575 0.04988152 0 0.07041518 0.02909997 0 0.09935354 0.1507186 0.200649 0.1897637
