0 0.007232341 0.07955443 0.04545007 0 0.04677181 0.1048224 0.06616892 0 0.07263608 0.04512708 0 0.1083211 0.09503871 0.09217501 0.2367021
0 0.0297003 0 0.08136812 0 0.05696148 0.1032471 0.118723 0 0.0507576 0.06005071 0.008123271 0.1095895 0.06299116 0.1071127 0.2113751
0 0.008376072 0.0408517 0.05234064 0 0.03798321 0.03811213 0.09233624 0 0.06106603 0.0946152 0.002750342 0.09857368 0.104001 0.1378473 0.2311465
0 0.01694028 0.04096899 0.05269073 0 0.03700986 0.0714772 0.07091294 0 0.1653755 0.0602986 0.003725887 0.06526316 0.1154112 0.1619921 0.1379336
0 0.03001932 0.02537103 0.02591491 0 0.004449374 0.06077348 0.09347188 0.006669202 0.08502726 0.05699827 0 0.1215729 0.1322619 0.1586151 0.1988553
0 0.008578526 0.02545214 0.03719038 0 0.04779156 0.08488496 0.05610243 0 0.07222147 0.03655747 0 0.09844211 0.1329663 0.1146633 0.2851493
0 0.06307998 0.0352601 0.004017817 0 0.01622861 0.04926159 0.07215191 0.007480421 0.04087118 0.0792905 0 0.06839326 0.1639465 0.2003141 0.199704
0 0 0.03132004 0.1013221 0.01777973 0.07107088 0.04635149 0.1121558 0.008799626 0.03996353 0.02859474 0 0.08202591 0.1303603 0.1751285 0.1551274
0.007128737 0.0007241219 0.05677187 0.04719633 0 0.01504936 0.09163845 0.07149114 0 0.07184188 0.07633707 0 0.1099818 0.1252741 0.1881421 0.1384231
0 0.03926167 0.03073933 0.051799 0 0.09087878 0.01499521 0.102326 0 0.1027699 0.03017458 0.005255505 0.09828421 0.05880544 0.1658067 0.2089037
0 0.008052742 0.03839681 0.04449782 0 0.04805806 0.02658981 0.1344048 0 0.08264199 0.06641064 0 0.08901053 0.09223668 0.1195922 0.250108
0 0.01881606 0.04113235 0.03038317 0 0.01646288 0.06782403 0.1353815 0.006619208 0.09704368 0.0717947 0.004210833 0.09210711 0.03895106 0.1805226 0.1987508
0 0.02901629 0.06491883 0.01831751 0 0.04752665 0.06110329 0.05911743 0 0.09224687 0.02830754 0.007192961 0.06568421 0.165526 0.1599861 0.2010563
0 0.006745152 0.03715374 0.08833795 0 0.07785319 0.05044942 0.08946055 0 0.07220222 0.04556094 0 0.09852632 0.1446731 0.08830958 0.2007278
0 0 0.03457831 0.05668485 0 0.04673657 0.0488957 0.1131046 0 0.05910526 0.06963158 0 0.1191316 0.1250266 0.1177628 0.2093422
0 0.01827643 0.02970178 0.05315863 0.00593294 0.06401888 0.04929442 0.05961691 0 0.1024394 0.07260399 0.003819811 0.1221092 0.06722322 0.1603577 0.1914468
0 0.008138748 0.03489999 0.04876126 0 0.07952773 0.08197559 0.05669668 0 0.06213494 0.02606506 0 0.1078316 0.102367 0.1692278 0.2223736
0 0 0.08832186 0.05415183 0 0.05876025 0.03840908 0.06035698 0.007800305 0.04964706 0.1100789 0 0.09951548 0.1342769 0.1158743 0.182807
0 0.02793388 0.01757919 0.09696061 0.005304535 0.06383389 0.02651323 0.07187467 0 0.1024345 0.04066552 0.01442626 0.143527 0.06696611 0.1864105 0.13557
0 0.04010953 0.03646964 0.01405241 0.005999212 0.08399929 0.04929153 0.07007839 0 0.09084837 0.07852006 0 0.1007376 0.108306 0.1289819 0.192606
0 0.01843988 0.009580935 0.04245813 0 0.05641774 0.07384766 0.08925565 0 0.1135391 0.02014235 0.005839638 0.08802105 0.1635823 0.09840801 0.2204676
0 0.03888476 0.05646321 0.02623097 0.01630305 0.04070692 0.09422904 0.02718204 0 0.1117468 0.06667424 0 0.1397706 0.1125878 0.1365598 0.1326607
0 0.02806298 0.0571875 0.04687583 0.00707256 0.0743459 0.04952524 0.01692999 0.005315723 0.1176108 0.06494719 0 0.0930433 0.08454877 0.2029085 0.1516258
0 0.06096283 0.01951694 0.04063076 0.006282731 0.05914613 0.03410388 0.2093567 0 0.07127927 0.03130753 0.006302672 0.08205411 0.1002749 0.1467348 0.1320467
0 0.02870156 0.01372773 0.06849702 0 0.120391 0.07026869 0.138414 0.008603668 0.06397898 0.02649104 0 0.07011212 0.06821271 0.1007968 0.2218047
0 0.01815594 0.03625947 0.06721091 0 0.05836539 0.035489 0.1145193 0 0.08227564 0.06609804 0 0.0874 0.09380303 0.1847535 0.1556698
0 0.01955328 0.01913308 0.05315048 0 0.06951763 0.01350305 0.1151425 0 0.04020461 0.05259796 0.005360582 0.08775789 0.1229666 0.217008 0.1841044
0 0.008145784 0.02623078 0.03506554 0 0.07885089 0.08177852 0.07992848 0 0.08139106 0.1091668 0 0.1278421 0.08377016 0.1049818 0.1828481
0 0.02829439 0.04472198 0.04889941 0 0.04351669 0.1246559 0.08991159 0.007046227 0.07570148 0.0153365 0 0.1097748 0.1456664 0.1384645 0.1280101
0 0 0.006267419 0.0640589 0 0.04951865 0.02635057 0.07380447 0.01728563 0.09300911 0.09437271 0.01500623 0.1104617 0.08972488 0.2252619 0.1348778
0.007605451 0.02145046 0.02460623 0.05808523 0 0.05753024 0.05913384 0.09158856 0 0.08193356 0.04631907 0 0.07933139 0.1321489 0.173004 0.1672631
0 0.01690503 0.03678736 0.05660235 0 0.1008911 0.05901068 0.08980349 0.006675477 0.1283616 0.04466819 0 0.08046663 0.05670017 0.1423917 0.1807363
0 0.008419878 0.05069202 0.08352494 0 0.02786378 0.02685395 0.1126454 0 0.04054854 0.1061261 0.0006885073 0.05861053 0.1045573 0.1177174 0.2617516
0 0.008226925 0.02671302 0.02480742 0.01797249 0.02991139 0.04911797 0.08325079 0 0.1124047 0.09784798 0 0.1197117 0.1117728 0.1486368 0.169626
0 0.01930427 0.01896063 0.04231406 0.006473474 0.05119733 0.05964122 0.102109 0 0.06054837 0.08490738 0.003965302 0.1120739 0.1104027 0.1279434 0.200159
0 0.01956827 0.04795643 0.01353845 0 0.03932979 0.03620852 0.1033985 0 0.08242647 0.06651038 0 0.05718947 0.071486 0.2121352 0.2502525
0 0.03943823 0.04972665 0.03225618 0 0.08056177 0.01710338 0.0809138 0 0.1014039 0.08717507 0 0.06694737 0.1116488 0.09904754 0.2337774
0 0.008619391 0.05259158 0.04089429 0 0.02896066 0.03835303 0.07058104 0.008324931 0.06384515 0.07178432 0.003940337 0.05961191 0.09063795 0.1893342 0.2725212
0 0.006736011 0.05180202 0.07277776 0 0.09304792 0.01765905 0.05797723 0 0.1133166 0.1053676 0 0.06777895 0.0591205 0.08739239 0.267024
0 0.02999501 0.04832057 0.01326337 0 0.04905429 0.03940606 0.0599607 0.007695499 0.07323054 0.07749501 0 0.06892029 0.1411044 0.1481626 0.2433917
0.009616363 0.01953626 0.07426748 0.01872727 0 0.06810334 0.05685039 0.0828989 0.008401676 0.05238255 0.04961586 0.007452545 0.1086241 0.1133358 0.2026242 0.1275634
0 0.01880726 0.03526138 0.06793136 0 0.1336667 0.03464723 0.1196861 0 0.04108748 0.03691252 0 0.02652105 0.08991751 0.1766578 0.2189036
0 0.02859132 0.06025335 0.03273954 0 0.03800564 0.06199785 0.0684123 0.007246468 0.1163464 0.06482289 0 0.04946406 0.1103461 0.1062154 0.2555587
0 0.02954316 0.04689042 0.0241559 0 0.05618953 0.1026611 0.1105599 0 0.06077263 0.07863789 0 0.02476316 0.1787315 0.1170475 0.1700473
0 0.007809186 0.0150972 0.06844098 0 0.06903624 0.07335336 0.04626303 0 0.0822066 0.05644603 0 0.07702632 0.1539217 0.1280771 0.2223223
0 0.03031484 0.02470495 0.05679074 0 0.07037658 0.09251126 0.08530164 0 0.04049569 0.05769378 0 0.04770526 0.07110763 0.1373847 0.2856129
0 0.01793356 0.03071389 0.05295254 0.01735462 0.09434451 0.03923329 0.03746758 0 0.09204539 0.04085938 0.005495234 0.08947696 0.148845 0.1523619 0.1809162
0 0.01933972 0.02628294 0.02496681 0 0.07130848 0.04916869 0.08893336 0.008369585 0.08476438 0.04627657 0 0.04941989 0.06679795 0.1604823 0.3038893
0 0.00856703 0.02731352 0.02328261 0 0.05007175 0.06796756 0.1527975 0 0.09403297 0.07680387 0 0.03782105 0.0295072 0.160094 0.2717409
0 0.009674737 0.0144246 0.02640066 0.006088753 0.06237834 0.07226781 0.0787651 0 0.01906211 0.08043789 0 0.1335112 0.1292848 0.1032697 0.2644342
