0 0.01534207 0.04086375 0.08952751 0 0.01687768 0.05593665 0.1214523 0 0.06285793 0.05140874 0 0.1263556 0.1485668 0.1654353 0.1053757
0 0.02980148 0 0.0399763 0 0.1177047 0.03266144 0.07985609 0.005322272 0.08860958 0.06083081 0.01545956 0.05805551 0.06050647 0.20313 0.2080858
0 0.004106704 0.01732524 0.08037917 0 0.07864515 0.03700341 0.09254033 0 0.09530441 0.06699572 0.005888759 0.09637778 0.115566 0.1222978 0.1875695
0 0.07315911 0.007835654 0.0528719 0 0.05224336 0.06521368 0.0886763 0.01470894 0.07622084 0.05520356 0 0.10298 0.1206878 0.07405822 0.2161407
0 0.05254232 0.04190094 0.0187123 0.005005808 0.0642815 0 0.1575571 0 0.07199101 0.05485343 0 0.04772752 0.08845183 0.2305123 0.1664639
0 0.01730652 0.0438079 0.04284114 0 0.044812 0.04831436 0.08291809 0 0.07323793 0.05274162 6.4897e-05 0.08396667 0.1506769 0.1611695 0.1981425
0.009517858 0.02133429 0.006026642 0.03272121 0 0.05473798 0.07729297 0.1183691 0.01857249 0.04188647 0.09994104 0 0.1089541 0.08499681 0.1696949 0.1559542
0 0.01707506 0.03238786 0.04320375 0.003518613 0.08846805 0.06388408 0.05146259 0.01763081 0.06711635 0.04251466 7.15128e-05 0.08587279 0.1003183 0.1141912 0.2722844
0 0.01317926 0.0800317 0.05167793 0 0.04720346 0.04805868 0.05984898 0 0.1403319 0.03477926 0 0.09343333 0.0758521 0.173697 0.1819064
0 0.02690815 0.05646899 0.05202286 0.001452956 0.1097624 0.06033252 0.06305218 0 0.06331407 0.01784212 0.003443808 0.08299149 0.115571 0.1309119 0.2159256
0 0 0.04054963 0.0419837 0 0.09631012 0.0004034711 0.04075307 0.0281837 0.04914963 0.1001333 0 0.1175941 0.1087625 0.1831358 0.193041
0 0.01681462 0.01589281 0.09160368 0.006469315 0.0668099 0.02602737 0.05638231 0 0.08398538 0.0786143 0.003089205 0.04846402 0.09745677 0.1545322 0.2538581
0 0.03202765 0.04508444 0.006443457 0 0.04534519 0.01190398 0.09919528 0 0.01508346 0.101361 0 0.1378222 0.1497215 0.1238284 0.2321835
0 0.03548168 0.04452425 0.0638163 0.006852463 0.0409103 0.06075695 0.07765807 0.001040988 0.1728996 0.002237235 0 0.06699544 0.03581957 0.1675927 0.2234145
0 0.02783237 0.06688872 0.008012247 0 0.0663738 0.07475734 0.04613553 0.002582617 0.09049612 0.06418793 0 0.1097285 0.1329866 0.1218549 0.1881633
0 0 0.06371301 0.07264254 0 0.0343036 0.01365121 0.09568963 0.007012543 0.08258746 0.03382506 0.0002193838 0.05836523 0.1777312 0.1334329 0.2268262
0 0.01619151 0.0345346 0.08411833 0.005191864 0.06495737 0.0239418 0.09106452 0.01785414 0.05605436 0.06124706 0 0.07523178 0.09451899 0.1319988 0.2430949
0 0.003573086 0.03497333 0.08576469 0 0.04669235 0.02310544 0.09589111 0 0.1077602 0.04792864 0 0.04272222 0.1492521 0.1812704 0.1810664
0 0.02707109 0.04184705 0.0544263 0.001733112 0.06411185 0.06443092 0.05637967 0.0143696 0.0672482 0.07638705 0.008650708 0.1314306 0.1140355 0.07980165 0.1980766
0 0.006852148 0.005043474 0.05903771 0.001353339 0.07729081 0.0742397 0.05618282 0.005282642 0.05610965 0.07859487 0.009079498 0.1302862 0.1128252 0.1351997 0.1926222
0 0.01590667 0.0188559 0.07679299 0 0.1203402 0.05716312 0.1109411 0 0.06258222 0.06586222 0 0.1173 0.07387086 0.1108188 0.1695659
0 0.004371605 0.04884074 0.03678765 0.0132009 0.07843984 0.05030612 0.06805314 0 0.1048506 0.1051494 0 0.1027991 0.08633794 0.07970376 0.2211592
0 0.007716667 0 0.06395 0 0.02348704 0.02159099 0.1332553 0 0.06248333 0.0848356 0.001014395 0.09802222 0.1182907 0.1755512 0.2098025
0 0 0.03954198 0.009346914 0 0.1250444 0.02897239 0.09709428 0 0.058 0.09311111 0 0.1027222 0.1042333 0.1856523 0.156281
0 0 0.01512474 0.06769748 0 0.07660057 0.03630727 0.06426994 0 0.09967778 0.02200113 0.005498875 0.1866111 0.1271105 0.1899558 0.1091448
0.009123034 0.01879104 0.06760198 0.03030617 0 0.009419259 0.05112553 0.07363299 0.004899188 0.0778534 0.05142519 0 0.1437556 0.1361585 0.1220695 0.2038386
0 0.01730133 0.007099611 0.06875461 0 0.0441604 0.01144425 0.1312398 0.01742701 0.06709388 0.03251782 0.009805735 0.1130841 0.1209333 0.1484272 0.210711
0 0.03020617 0.0423504 0.05246565 0 0.04862099 0.04260858 0.1237482 0.006949383 0.04562222 0.04220145 0.0002047215 0.06027284 0.0583284 0.1856173 0.2608036
0 0.005999642 0.03051761 0.0569383 0.0152115 0.06154071 0.07100505 0.06878719 0 0.05243369 0.04249076 0.001619996 0.08881072 0.1660037 0.1719644 0.1666767
0 0.02392444 0.05389363 0.07407081 0.001650111 0.02875631 0.06290619 0.1347985 0 0.1287422 0.06494785 0.004421041 0.1180832 0.05884369 0.03851899 0.206443
0 0.02673242 0.04151202 0 0.008141272 0.1196609 0.07108867 0.1228647 0 0.1173342 0.03442131 0 0.1175032 0.08062801 0.08733356 0.1727797
0 0.04329691 0.01738263 0.03115379 0 0.0802216 0.06706929 0.1108758 0.007463827 0.02001704 0.07939923 0.01128658 0.05731395 0.09168667 0.1613711 0.2214616
0 0.01615506 0.03368632 0.01889195 0 0.08493136 0.06602877 0.1503065 0 0.1074005 0.0290322 0.01483397 0.06222222 0.1292909 0.1590305 0.1281898
0 0.04154007 0.0283211 0.0317166 0.0149098 0.05071186 0.09540804 0.06739253 0.003508815 0.04426222 0.09999971 0.01065147 0.1067036 0.1083636 0.1211489 0.1753616
0 0.04010884 0.06470794 0.049761 0.00533962 0.05248734 0.00618533 0.1214099 0 0.04851338 0.08546322 0.03144562 0.05857149 0.1149793 0.1697324 0.1512946
0 0.005905482 0.02071165 0.04374953 0 0.03405501 0.02825632 0.157322 0.01624583 0.09189314 0.05149437 0 0.09104306 0.08085748 0.2122488 0.1662174
0 0.04041896 0.05591002 0.05964879 0.004540517 0.06654175 0.06114224 0.08179771 0 0.05149215 0.05253007 0 0.06265948 0.05434713 0.1032177 0.3057535
0 0.006102593 0.03220499 0.0324702 0.0153647 0.06360678 0.01606978 0.134181 0 0.08526407 0.053119 0.0008391497 0.07889085 0.120771 0.2143507 0.1467653
0 0.01624154 0.04411293 0.06403442 0.005178352 0.06259862 0.03365252 0.1241816 0 0.07532512 0.03028599 0 0.06086609 0.1097903 0.1459041 0.2278284
0 0 0.06427649 0.0171124 0 0.0242929 0.06891256 0.09540565 0 0.09194444 0.0761019 0.0005647631 0.06295556 0.1108071 0.1877535 0.1998727
0 0.008320235 0.009736889 0.02102065 0 0.07418964 0.04795018 0.0487824 0.004144111 0.09021343 0.09656468 0 0.08973367 0.06339891 0.2218705 0.2240747
0 0.007106173 0.02617586 0.09144019 0.004737277 0.05712445 0.01740999 0.1060061 0 0.04178272 0.07740192 0.006093144 0.07295161 0.05629777 0.2213233 0.2141495
0 0.01693985 0.03133545 0.04334692 0 0.04996385 0.06271299 0.05570094 0 0.1283046 0.06252865 0.007544535 0.03164444 0.09314726 0.1717785 0.2450521
0 0.01623605 0.07834642 0.05172864 0.006389725 0.0251767 0.05916339 0.08295908 0 0.05143062 0.06225827 0 0.06616583 0.1846011 0.1476764 0.1678678
0.004187407 0.03685457 0.01755276 0.03207193 0 0.09482222 0.02990821 0.0846029 0 0.09251358 0.07478822 0.02203153 0.04653481 0.07508741 0.2370286 0.1520159
0.005226667 0.0121521 0.04422914 0.0295921 0 0.09980642 0.01857523 0.1204183 0 0.06084346 0.08795654 0 0.1098844 0.1120869 0.144128 0.1551007
0 0.01940781 0.05266996 0 0 0.07808231 0.05983457 0.06000534 0 0.0386033 0.07931893 0 0.1425222 0.1313844 0.1956543 0.1425169
0 0.04123832 0.007100983 0.02134959 0 0.06833946 0.0102486 0.1117231 0 0.1120506 0.08981324 0.008447304 0.1045444 0.1038272 0.1582927 0.1630245
0 0.01904414 0.04210278 0.01968642 0 0.02431759 0.0753651 0.109484 0.004532099 0.06892377 0.0957108 0 0.06875679 0.08442562 0.2335324 0.1541185
0 0.003888 0.02438973 0.0398556 0 0.09846509 0.06465053 0.07875105 0 0.1262453 0.08562133 0 0.09424444 0.1371571 0.06109396 0.1856378
