0 0 0 0 0 0 0 0 0.003999486 0.03604445 0.001420902 0.008532257 0.007502184 0.03248803 0.01212434 0.06788835 0 0.05999758 0 0.1100569 0 0.08001043 0 0.08993511 0.005990898 0.0539916 0.008560672 0.05140527 0.02250743 0.0974679 0.03789409 0.2121821
0 0 0 0 0 0 0 0 0 0.070048 0.0107232 0.0392586 0.001524035 0.008383534 0.004084886 0.08597776 0 0.07999679 0 0.1000152 0 0.0699952 0 0.09999279 0 0.08998405 0.01930324 0.07067091 0.01846956 0.1015988 0.005895081 0.1240783
0 0 0 0 0 0 0 0 0 0.050019 0.002492191 0.03744248 0.01067237 0.06938827 0.01043863 0.06954706 0 0.06998928 0 0.1400542 0 0.07001193 0 0.05994463 0 0.06998081 0.007490181 0.1125319 0.009323029 0.06061532 0.0195836 0.1304752
0 0 0 0 0 0 0 0 0.00667294 0.02333458 0.004724193 0.0252128 0.008175524 0.08187909 0.02424333 0.06575754 0 0.02999019 0 0.07001862 0 0.07001302 0 0.06997817 0.01333508 0.04663138 0.02526138 0.1348188 0.01179904 0.1181692 0.04578851 0.1241966
0 0 0 0 0 0 0 0 0 0.05003185 0.0007644306 0.009171567 0.005707675 0.03424344 0.004212766 0.07586827 0 0.09001311 0 0.08001291 0 0.07998769 0 0.06998629 0 0.09995654 0.009236071 0.1108135 0.02429583 0.1457639 0.005783229 0.104151
0 0 0 0 0 0 0 0 0.003994728 0.05604669 0.003068124 0.01685914 0.01334286 0.05666372 0.003803096 0.07622164 0 0.05998016 0 0.1000479 0 0.05997176 0 0.08000021 0.005986442 0.08399077 0.01694029 0.09308578 0.02668758 0.1133353 0.006176878 0.123797
0 0 0 0 0 0 0 0 0.005715546 0.03430055 0.003998313 0.01598327 0.009229902 0.05076072 0.007825607 0.0521861 0 0.0600066 0 0.05000891 0 0.07998178 0 0.08000271 0.01428145 0.08570687 0.0160077 0.0639908 0.0307737 0.1692429 0.02216778 0.1478288
0 0 0 0 0 0 0 0 0 0.04001921 0.004493781 0.02545931 0.005698698 0.01424218 0.01111634 0.08897047 0 0.07004006 0 0.04996295 0 0.06001202 0 0.07998498 0 0.08996075 0.02551423 0.1445497 0.0343013 0.08572578 0.01887564 0.1510726
0 0 0 0 0 0 0 0 0.004366405 0.06567423 0.003324595 0.03665946 0.009233945 0.03074311 0.01522335 0.05477491 0 0.1100461 0 0.04995554 0 0.07998839 0 0.12001 0.005608957 0.08436321 0.006651971 0.07334957 0.02078269 0.06919301 0.0348081 0.1252425
0 0 0 0 0 0 0 0 0.003844742 0.04619973 0.003748219 0.02623442 0.003744327 0.01620914 0.004544737 0.04547469 0 0.09003886 0 0.04995924 0 0.1100379 0 0.07996404 0.006140435 0.07378555 0.01625779 0.113791 0.0262713 0.1137281 0.01544845 0.1545774
0 0 0 0 0 0 0 0 0.005553792 0.04443863 0.002497965 0.0274728 0.0133487 0.06669932 0.003176745 0.06681204 0 0.08001201 0 0.059996 0 0.05996796 0 0.100024 0.014446 0.1155896 0.007500637 0.08249256 0.01666652 0.08327746 0.006809637 0.1432176
0 0 0 0 0 0 0 0 0.001532941 0.01842882 0.004703197 0.03527704 0.01639829 0.0436589 0.008997479 0.08100334 0 0.07002803 0 0.07999149 0 0.05000321 0 0.08997727 0.008451032 0.1015972 0.0152918 0.1146984 0.01362535 0.03627622 0.02099992 0.18906
0 0 0 0 0 0 0 0 0.01143113 0.06862892 0.01070928 0.03924748 0.01906229 0.08098731 0.008170049 0.05176355 0 0.05998357 0 0.1000489 0 0.08001222 0 0.04995534 0.008558458 0.05138231 0.01929553 0.07071447 0.02094932 0.08900447 0.02182394 0.1382715
0 0 0 0 0 0 0 0 0.004990324 0.03501291 0 0 0 0 0.01814484 0.05185192 0 0.05001372 0 0.05999128 0 0.1100484 0 0.07994662 0.004985245 0.03497728 0.05001842 0.1100108 0.05000701 0.1399651 0.05185415 0.1481819
0 0 0 0 0 0 0 0 0.003323606 0.04670463 0.004609025 0.0253662 0.01501411 0.04501131 0.01136153 0.03860959 0 0.07000821 0 0.07000581 0 0.04994973 0 0.1100363 0.006642542 0.09334364 0.01537555 0.08462079 0.03501864 0.1049836 0.03865499 0.1313603
0 0 0 0 0 0 0 0 0.0006618063 0.009274067 0.003750265 0.02626653 0.004158893 0.04576585 0.0214585 0.09866409 0 0.02996815 0 0.06004186 0 0.1000319 0 0.05995814 0.009332387 0.1307772 0.006237915 0.04368981 0.0158301 0.1741997 0.02857014 0.1313627
0 0 0 0 0 0 0 0 0.002493511 0.02749474 0.002136011 0.0278391 0.01428567 0.04569286 0.02383839 0.0762197 0 0.05000511 0 0.03997287 0 0.06994682 0 0.1600752 0.007485055 0.08253409 0.007841357 0.1021981 0.03574177 0.1143204 0.02617823 0.08370098
0 0 0 0 0 0 0 0 0 0.06007514 0.00261406 0.007311548 0.002684937 0.06736549 0.003627824 0.016321 0 0.02997718 0 0.02996676 0 0.06992687 0 0.1601292 0 0.08992366 0.04744041 0.1326912 0.007284232 0.1827625 0.01634853 0.07354943
0 0 0 0 0 0 0 0 0.003526084 0.05651352 0 0.05002206 0.002130992 0.007805033 0.004996837 0.04500547 0 0.05995372 0 0.1100447 0 0.07997517 0 0.1400264 0.006462495 0.1035762 0 0.04990123 0.02789344 0.1021633 0.01499015 0.1350131
0 0 0 0 0 0 0 0 0 0.04001874 0.001872133 0.02810483 0.007897223 0.04212145 0.004444993 0.03554063 0 0.04997016 0 0.09002584 0 0.07998898 0 0.100015 0 0.1099996 0.008119354 0.1218894 0.02210458 0.1178993 0.01556172 0.1244261
0 0 0 0 0 0 0 0 0 0.04001206 0.004992418 0.01495512 0.00268604 0.06730323 0.003802008 0.07624912 0 0.03999179 0 0.05000851 0 0.08000901 0 0.05999069 0 0.09997333 0.03505555 0.1050112 0.007292739 0.1827318 0.006171246 0.1237641
0 0 0 0 0 0 0 0 0.002134251 0.02783402 0.006670803 0.05337694 0.01111893 0.02887535 0.002139279 0.02785043 0 0.1100293 0 0.07997706 0 0.1000091 0 0.06998448 0.007832597 0.1021495 0.0133305 0.106665 0.03892653 0.1010904 0.007847105 0.1021584
0 0 0 0 0 0 0 0 0 0.03000937 0 0.01996706 0.01059053 0.04944013 0.0200021 0.05999082 0 0.02998227 0 0.04999851 0 0.06997586 0 0.1600434 0 0.09003358 0 0.1000092 0.01940046 0.09056779 0.05000691 0.149982
0 0 0 0 0 0 0 0 0 0.1000917 0.001810937 0.01810183 0.003888364 0.06609448 0 0.09001265 0 0.06999619 0 0.06000361 0 0.07998759 0 0.1000126 0 0.07994791 0.008189263 0.08185852 0.006111436 0.1038823 0 0.1300106
0 0 0 0 0 0 0 0 0 0.05004352 0.005439342 0.01449272 0.003989681 0.05603444 0.02188178 0.07811852 0 0.04998977 0 0.1100533 0 0.04998819 0 0.08996876 0 0.06999243 0.02455745 0.06543149 0.005979588 0.08398237 0.04815216 0.1719045
0 0 0 0 0 0 0 0 0.004287523 0.0257337 0.001326069 0.008629891 0.003999028 0.02600444 0.01305552 0.03696383 0 0.0700035 0 0.09000801 0 0.05997927 0 0.1100092 0.01570927 0.09428702 0.01864909 0.1213659 0.01599376 0.1040025 0.04697973 0.1330127
0 0 0 0 0 0 0 0 0 0.05005331 0.0007617348 0.009150015 0.006246182 0.04374132 0.01693974 0.09310769 0 0.01995674 0 0.08002775 0 0.06997897 0 0.1600365 0 0.07000046 0.009226046 0.1108239 0.01374791 0.09627511 0.02307838 0.1268481
0 0 0 0 0 0 0 0 0.005717419 0.03430575 0 0.01993088 0.009004606 0.05101419 0.0150007 0.07502645 0 0.02998367 0 0.08004656 0 0.02998428 0 0.04998549 0.01428458 0.08571058 0 0.1500206 0.0210034 0.1189915 0.03498929 0.1750001
0 0 0 0 0 0 0 0 0.002373038 0.04762015 0.00599367 0.01395986 0.01392012 0.06609313 0.01334032 0.0666997 0 0.02992909 0 0.09007051 0 0.05995393 0 0.1000465 0.007599021 0.1524908 0.02401965 0.0559442 0.02609951 0.1239212 0.01665467 0.08327095
0 0 0 0 0 0 0 0 0.003633954 0.01635652 0.006659058 0.02329928 0.006310317 0.03366973 0.02085217 0.07921896 0 0.01995804 0 0.1100544 0 0.02994582 0 0.1200418 0.01636685 0.07366762 0.03334254 0.1166618 0.02368988 0.1264013 0.02914522 0.1107249
0 0 0 0 0 0 0 0 0.008343218 0.04170251 0.003516884 0.01640538 0.007140697 0.04285359 0.01173919 0.07829853 0 0.03998048 0 0.0699935 0 0.1100408 0 0.1199853 0.01166479 0.05830499 0.02649513 0.1235931 0.01285029 0.07711867 0.01824979 0.1217232
0 0 0 0 0 0 0 0 0.01000081 0.01997417 0.006671061 0.03334962 0.008688851 0.0914269 0.002593381 0.0172952 0 0.07001942 0 0.04999529 0 0.05996515 0 0.09002013 0.04004555 0.07998116 0.01332904 0.06663386 0.01127359 0.1186244 0.02739771 0.1827147
0 0 0 0 0 0 0 0 0.007691327 0.04233393 0.005446434 0.01451219 0.01040777 0.03952922 0.01125283 0.0788263 0 0.09002492 0 0.08003033 0 0.09002716 0 0.01991759 0.01229135 0.06765296 0.02456428 0.06545227 0.03960805 0.1504333 0.01873796 0.1312598
0 0 0 0 0 0 0 0 0.01142497 0.06861753 0.003990869 0.02594802 0.0133214 0.02661207 0.0100026 0.08008256 0 0.06998738 0 0.07001262 0 0.0699958 0 0.0700042 0.01855359 0.1114315 0.01600052 0.104033 0.04672116 0.09333456 0.009984887 0.07994076
0 0 0 0 0 0 0 0 0.00856939 0.05148402 0.002991289 0.02698612 0.003822382 0.0061044 0.01364165 0.07640076 0 0.1100695 0 0.06998457 0 0.03997859 0 0.07996736 0.01140867 0.06854212 0.006981378 0.06298297 0.04621497 0.07380598 0.03637027 0.2036936
0 0 0 0 0 0 0 0 0 0 0.00399068 0.01596143 0.007493016 0.02248488 0.01218608 0.05788391 0 0.08002593 0 0.0900097 0 0.06998609 0 0.07997828 0 0.09996506 0.02601112 0.1040361 0.04250298 0.127542 0.02781612 0.1321266
0 0 0 0 0 0 0 0 0 0.06007077 0.001418579 0.01848436 0.003328515 0.0466789 0.01668252 0.07333635 0 0.02994191 0 0.1601055 0 0.0499948 0 0.06995775 0 0.06998172 0.008552775 0.1114443 0.006656269 0.09334712 0.03336134 0.1466564
0 0 0 0 0 0 0 0 0 0.0400103 0.004281212 0.02569169 0.009229146 0.02075386 0.01000591 0.05002787 0 0.06002013 0 0.02995464 0 0.1000744 0 0.04995082 0 0.139984 0.02571879 0.1543393 0.03075914 0.06916903 0.0300058 0.150024
0 0 0 0 0 0 0 0 0.006159832 0.07394689 0.001421488 0.01849723 0.006255717 0.04375744 0 0.0299614 0 0.07996825 0 0.1400509 0 0.1100181 0 0.07996275 0.003837061 0.04606274 0.008567701 0.1114879 0.0137582 0.09623574 0 0.1300506
0 0 0 0 0 0 0 0 0 0.0600689 0 0.01993171 0.01679768 0.04320302 0.0119965 0.04800219 0 0.0800091 0 0.1200546 0 0.01990557 0 0.09003077 0 0.04990959 0 0.1100261 0.05322174 0.1368844 0.02798408 0.111974
0 0 0 0 0 0 0 0 0 0.05003498 0.001655493 0.008272179 0.01236204 0.05770347 0.006663537 0.0533083 0 0.09002682 0 0.1000298 0 0.02995795 0 0.06998539 0 0.09997583 0.01834391 0.09166095 0.01763276 0.08230614 0.02334227 0.1867381
0 0 0 0 0 0 0 0 0.004209107 0.07582448 0 0.06000102 0.004615592 0.05539097 0.01142062 0.04853821 0 0.04994392 0 0.1000451 0 0.1100401 0 0.08997095 0.005787289 0.1042544 0 0.05993469 0.005379203 0.06455495 0.02858819 0.1215012
0 0 0 0 0 0 0 0 0 0.0600613 0.004981069 0.01493452 0.004537018 0.04550078 0.01111099 0.03887431 0 0.08998918 0 0.1500282 0 0.08000641 0 0.09997617 0 0.06995222 0.03502864 0.1050248 0.005436055 0.05451703 0.02890623 0.101135
0 0 0 0 0 0 0 0 0 0.04003162 0.001809742 0.0181457 0.005875792 0.04411895 0.02251812 0.06750007 0 0.06000961 0 0.08001141 0 0.06997838 0 0.1300006 0 0.05997879 0.008163214 0.08184991 0.01410419 0.1059027 0.04752895 0.1424723
0 0 0 0 0 0 0 0 0.004373455 0.0656821 0.004998085 0.03497568 0.002849566 0.01708673 0.007370522 0.06266386 0 0.09003145 0 0.03994103 0 0.07997957 0 0.140048 0.005615528 0.08433601 0.01500993 0.1050367 0.01715855 0.1028871 0.01262437 0.1073318
0 0 0 0 0 0 0 0 0 0.00998274 0.001818712 0.0181824 0.001874111 0.02813439 0.003480034 0.03652761 0 0.07999989 0 0.1200363 0 0.07998469 0 0.1099791 0 0.1000268 0.008179484 0.08177364 0.008118682 0.1218787 0.01652898 0.1734937
0 0 0 0 0 0 0 0 0.01250367 0.08762875 0.0049835 0.04494572 0.01000122 0.02998114 0.01249577 0.03746022 0 0.04999078 0 0.09002924 0 0.05000762 0 0.04997236 0.007476898 0.0523999 0.01497584 0.1350657 0.03001941 0.08999061 0.04754369 0.142528
0 0 0 0 0 0 0 0 0.006661914 0.01329871 0.003743726 0.05626042 0.005617897 0.08446442 0.008884972 0.07106794 0 0.0600057 0 0.1100299 0 0.08002474 0 0.06993962 0.02336933 0.04665053 0.006237848 0.09374188 0.004359667 0.06554708 0.02112465 0.168969
0 0 0 0 0 0 0 0 0 0.02994366 0 0 0.007130497 0.02282329 0.01877929 0.07132327 0 0.02993299 0 0.1401139 0 0.0599949 0 0.04995825 0 0.1201053 0.01997797 0.0999262 0.0428655 0.1372038 0.03124675 0.1186744
0 0 0 0 0 0 0 0 0.00625487 0.04378421 0.002658314 0.01728703 0.001661978 0.01829949 0.01218694 0.05786716 0 0.07999038 0 0.1200362 0 0.08003045 0 0.05994292 0.01374824 0.09623792 0.01732676 0.112676 0.008325306 0.09166716 0.02783759 0.132181
