0 0 0 0 0 0 0 0 0 0.04154953 0.006826367 0.009955269 0.01460837 0.09247141 0.01267796 0.02191109 0 0.08207108 0 0.07987629 0 0.03728072 0 0.1007719 0 0.05678992 0.05407337 0.07885818 0.01299163 0.08223734 0.07882231 0.1362273
0 0 0 0 0 0 0.0004421555 0.008031529 0.003190718 0.006776257 0.006041963 0.01424533 0 0.02104803 0.008066338 0.03215768 0 0.04944629 0.008533346 0.1340151 0 0.04913848 0.00732569 0.1330674 0.02625139 0.05575114 0.02553762 0.06021085 0 0.0783977 0.05461079 0.2177142
0 0 0 0 0 0 0 0 0.004117408 0.06902736 0 0.03886401 0.00717116 0.06413961 0.009143866 0.04753659 0 0.01779535 0 0.05096255 0 0.05820742 0 0.1330347 0.005659157 0.09487442 0 0.07869976 0.01297333 0.1160348 0.03093508 0.1608235
0 0 0 0 0 0 0 0 0 0.06075323 0.01114344 0.07008176 0.01436752 0.05526015 0.005620741 0.04277315 0 0.05040953 0 0.0492852 0 0.05929878 0 0.07100649 0 0.07697408 0.01939246 0.1219603 0.03568511 0.1372516 0.01379073 0.1049457
0 0 0 0 0 0 0 0 0.0008199524 0.006984466 0.00360686 0.02656711 0.006742039 0.04231336 0.01082619 0.09214002 0 0.08099683 0 0.1336558 0 0.01563253 0.01020026 0.07951458 0.008609471 0.07333665 0.005429644 0.03999322 0.02399169 0.150573 0.01977389 0.1682924
0 0 0 0 0 0 0 0 0.003629079 0.0653232 0 0 0.01718007 0.05507839 0.005522891 0.03326637 0 0.09008437 0 0.09067353 0.009447012 0.03575837 0 0.1340367 0.004276201 0.07697137 0.01986924 0.109173 0.03619921 0.1160527 0.01387629 0.08358194
0 0 0 0 0 0 0 0 0 0.009070166 0.001635316 0.006469942 0.002315742 0.03880187 0.01770724 0.05399972 0 0.01789299 0 0.08177017 0 0.07063776 0 0.1096991 0 0.1235316 0.0281717 0.1114581 0.006068469 0.1016814 0.05410153 0.1649872
0 0 0 0.007326316 0 0 0 0 0 0.01888409 0.002682946 0.02546672 0.006945007 0.06691344 0.01635744 0.04542404 0 0.08042442 0 0.1140177 0 0.03732849 0 0.08090309 0 0.0991757 0.01639544 0.1556267 0.01225499 0.1180739 0.02536418 0.07043546
0 0 0 0 0 0 0 0 0 0.01837136 0.008697533 0.05413217 0.002553308 0.01181915 0.02574248 0.078684 0 0.0398072 0 0.06026649 0 0.06860471 0 0.1213216 0 0.08149513 0.01069099 0.06653914 0.03683617 0.170513 0.03547953 0.1084461
0 0 0 0 0 0 0 0 0.001544263 0.02773347 0.006734016 0.0340668 0.01665521 0.03426434 0.00854729 0.04045462 0 0.05929803 0 0.09174407 0 0.04751499 0 0.1114429 0.006462856 0.1160666 0.01260125 0.0637486 0.04594294 0.09451726 0.03151218 0.1491483
0 0 0 0 0 0 0 0 0 0.04052201 0.002609947 0.0577932 0.009678182 0.02876543 0.01389808 0.05673315 0 0.05039087 0 0.04796702 0 0.1012944 0 0.1203477 0 0.06844501 0.006147399 0.1361245 0.03043761 0.09046644 0.02722878 0.1111502
0 0 0 0 0 0 0 0 0.002221219 0.02757524 0.003965609 0.02438795 0.006512334 0.0443848 0.002787662 0.07816518 0 0.06022247 0 0.0908828 0 0.03794097 0 0.1109538 0.007540725 0.09361403 0.01672619 0.1028638 0.01407309 0.09591512 0.006173174 0.1730939
0 0 0 0 0 0 0 0.006589474 0.005750374 0.08016932 0 0.02774052 0.007725092 0.04209094 0.004834068 0.0451002 0 0.07944737 0 0.1125 0 0.0794723 0 0.06199086 0.003638823 0.05073095 0 0.09002263 0.02341203 0.1275628 0.01463962 0.1365826
0 0 0 0 0 0 0 0 0 0.06366127 0.00490602 0.02437939 0.003124537 0.0147318 0.004172935 0.02502404 0 0.1115206 0 0.0902057 0 0.1219797 0 0.05629403 0 0.05488126 0.01515186 0.07529387 0.02626494 0.1238359 0.02637971 0.1581925
0 0 0 0 0 0 0 0 0 0.04172113 0.001856877 0.01420309 0.01565844 0.05650968 0.02399012 0.06606067 0 0.09348022 0 0.06841452 0 0.03750288 0 0.1106024 0 0.03553549 0.01674069 0.128048 0.0237784 0.08581376 0.04797547 0.1321082
0 0 0 0 0 0 0 0 0 0.04953478 0.009144648 0.02962617 0.004172917 0.1277506 0.0119085 0.06786237 0 0.1136766 0 0.03821812 0.01003496 0.1009338 0 0.03713645 0 0.04604123 0.02211425 0.07164417 0.004360539 0.1334945 0.01826418 0.1040811
0 0 0 0.007578947 0 0 0 0 0.007167191 0.05734017 0.001299065 0.01641496 0 0.007537266 0.01234408 0.05031832 0 0.06858238 0 0.1149966 0 0.09244393 0 0.06639817 0.01207491 0.09660377 0.007182619 0.09075942 0 0.08825038 0.03993213 0.1627757
0 0 0 0 0 0 0 0 0.003303506 0.05950795 0.0007408784 0.004753551 0 0.07347202 0.006209107 0.03201298 0 0.07954127 0 0.1015114 0 0.0697241 0 0.06922327 0.005675441 0.102235 0.0192461 0.123485 0 0.09654072 0.02482497 0.1279928
0 0 0 0.006842105 0 0 0 0 0.003523988 0.038962 0.004917795 0.02207461 0 0.05226609 0.009402281 0.06201113 0 0.03750699 0 0.1676772 0 0.06006226 0 0.07791143 0.005712854 0.06316258 0.02543759 0.1141823 0 0.08880323 0.02100549 0.1385381
0 0 0.0004603637 0.007202794 0 0 0 0 0.006425702 0.03611242 0.0009330855 0.00537182 0.007975716 0.05430945 0.01166862 0.03954002 0 0.04719858 0.008875999 0.1388728 0 0.05843688 0 0.0589526 0.01330978 0.07480089 0.01930366 0.1111321 0.02195196 0.1494786 0.02909511 0.09859101
0 0 0 0 0 0 0 0 0.01177005 0.07299857 0.001862572 0.003607892 0.001536198 0.01621669 0.02387096 0.05813707 0 0.04833946 0 0.06003949 0 0.06975916 0.01885404 0.1230079 0.01813622 0.112482 0.0377126 0.07305113 0.006815426 0.07194622 0.04944193 0.1204145
0 0 0 0 0 0 0 0 0 0.0500551 0.005269555 0.02167784 0.003576622 0.05593138 0.008887138 0.09460236 0 0.01683057 0 0.07165364 0 0.1135043 0.01033719 0.05767427 0 0.1432827 0.02566209 0.1055685 0.005218115 0.08160113 0.01104929 0.1176182
0 0.006894737 0 0 0 0 0 0 0 0.0513135 0.002080026 0.03698783 0.008415223 0.07590124 0.009732605 0.03867484 0 0.08467224 0 0.07995934 0 0.05908122 0.01006951 0.05932296 0 0.0873511 0.006428428 0.1143128 0.01061636 0.09575439 0.03265785 0.1297738
0 0 0 0 0 0 0 0 0 0.04120336 0 0.03900717 0.004214206 0.05834863 0.01031616 0.04691047 0 0.061619 0 0.03764416 0 0.08086576 0 0.1198711 0 0.06832501 0 0.1322013 0.005080531 0.0703435 0.0403891 0.1836606
0 0.002009884 0 0.007401751 0 0 0.0006047278 0.006825743 0 0.07357502 0.002735697 0.01643832 0.007130888 0.01603139 0.0100282 0.1072184 0 0.09046205 0 0 0 0.09834912 0.009306091 0.1050406 0 0.07698463 0.007189888 0.04320277 0.06325332 0.1422037 0.009751185 0.1042566
0 0 0 0 0 0 0 0 0.002944248 0.05013115 0.001350923 0.0165202 0.002815574 0.02848141 0.003890114 0.01386639 0 0.04597784 0 0.1642853 0 0.0692687 0 0.1304681 0.006767664 0.1152317 0.007316667 0.08947426 0.007051462 0.07133023 0.03786335 0.1349646
0 0 0 0.009417562 0 0.008556122 0 0 0.00245504 0.03980047 0.001220086 0.01753898 0.008363191 0.02184048 0.007382228 0.03342585 0 0.06920481 0 0.07024079 0 0.08014322 0 0.1524375 0.006359963 0.103106 0.00784746 0.1128088 0.03327444 0.08689623 0.0230976 0.1045832
0 0 0 0 0 0.00701579 0 0 0 0.05121393 0.001515988 0.02545657 0.02879601 0.05288884 0.02153429 0.1015786 0 0.07226471 0 0.04920898 0 0.02083834 0 0.08067219 0 0.07799505 0.006876367 0.1154684 0.04194609 0.07704124 0.02933125 0.1383574
0 0 0 0 0.0008443936 0.006787185 0 0 0.002638213 0.03821703 0.003844579 0.03488078 0.0107426 0.0506074 0.006047524 0.06539029 0 0.0394723 0 0.06000139 0.009381198 0.07540551 0 0.05810803 0.006375138 0.09234995 0.01610495 0.1461157 0.02051846 0.09666063 0.01350295 0.1460038
0 0 0 0 0 0 0 0 0.003633606 0.02338239 0 0 0.01636671 0.03457173 0.01354739 0.06849818 0 0.08061474 0 0.08022737 0 0.04670604 0 0.1524519 0.01545326 0.09944232 0.01961673 0.07762958 0.03528853 0.07454068 0.02609378 0.1319351
0 0 0 0 0 0 0 0 0.00506485 0.07872882 0.01084651 0.05598297 0.002454419 0.04538232 0.01371498 0.05782512 0 0.00620277 0 0.1027446 0 0.0927169 0 0.04833573 0.004648701 0.07226013 0.02978564 0.153735 0.006800451 0.1257406 0.01668444 0.07034498
0 0 0 0 0 0 0 0 0.006829216 0.03134562 0 0.08303638 0.002185928 0.01388802 0.01499128 0.05772355 0 0.05997175 0 0.05897562 0.01015399 0.08186208 0 0.06903657 0.02354059 0.1080497 0 0.1282512 0.01797449 0.1141987 0.02432451 0.09366093
0 0 0 0 0 0 0 0 0.00401234 0.06998516 0.003907151 0.0107461 0.01217953 0.04819656 0.02013329 0.05083988 0 0.06014742 0 0.06976837 0 0.03704371 0 0.1130405 0.004108782 0.07166735 0.04683738 0.12882 0.0287783 0.1138809 0.03004324 0.07586415
0 0 0 0 0 0 0 0 0 0.02913864 0.001069173 0.01646964 0.00510472 0.04377405 0.03135232 0.07309145 0 0.05968554 0 0.07008288 0 0.05772166 0 0.1325099 0 0.1222811 0.00739285 0.1138802 0.01381633 0.118478 0.03126461 0.07288697
0 0 0 0 0 0 0 0 0.004148061 0.05788583 0 0.02861401 0.006682378 0.04253643 0.01308288 0.05705041 0 0.09062172 0 0.06958881 0 0.1103398 0.009008255 0.1104414 0.005291496 0.07384237 0 0.07000771 0.01339385 0.08525808 0.02839307 0.1238134
0 0 0 0.007115789 0 0 0 0 0 0.06006755 0 0 0.002832093 0.04780351 0.003025636 0.05915543 0.01018505 0.0906727 0 0.05248962 0 0.0886669 0 0.1108699 0 0.1113484 0 0.08812091 0.007182854 0.121241 0.006774364 0.1324483
0 0 0 0 0 0 0 0 0.004156449 0.04662871 0.005737088 0.05255011 0.01495551 0.0687951 0.01235679 0.04482024 0 0.09225673 0.009870805 0.07883562 0 0.02644687 0 0.12259 0.004678897 0.05248974 0.0140551 0.1287407 0.01599862 0.07359337 0.02819075 0.1022528
0 0 0 0 0 0 0 0 0.002227953 0.03686465 0.002757588 0.04679621 0.008203741 0.03984448 0.01942518 0.0838802 0 0.02799929 0 0.07107439 0 0.06949434 0 0.111432 0.007020335 0.1161615 0.006071132 0.103027 0.02256902 0.1096147 0.02172505 0.09381128
0 0 0 0 0 0 0 0 0.002442273 0.01446385 0.003937937 0.01474131 0.01210265 0.07106714 0.00345785 0.08778699 0 0.1332803 0 0.05789343 0 0.07876157 0 0.1200647 0.01775925 0.1051754 0.01693007 0.0633762 0.00799583 0.04695176 0.005374142 0.1364373
0 0 0 0 0 0 0 0 0 0.009088939 0.001914352 0.02814869 0.002941208 0.01610181 0.00526792 0.04653708 0 0.05815739 0 0.173311 0 0.1120911 0 0.0864405 0 0.08100104 0.0075381 0.1108405 0.01708511 0.09353342 0.01525331 0.1347486
0 0 0 0 0 0 0 0 0 0.07407778 0 0.01736958 0.006130746 0.03219131 0.005211079 0.0450195 0 0.01491716 0 0.1145881 0 0.1214745 0 0.0890202 0 0.1105261 0 0.07852127 0.0241061 0.1265763 0.01455208 0.1257182
0 0 0 0 0 0 0.0004174733 0.006066737 0.002603053 0.03789068 0.003295788 0.04741726 0.01260689 0.07310382 0.009052293 0.04754601 0 0.03888829 0.01045951 0.05987325 0.01023412 0.0592787 0.008677672 0.1261042 0.006562407 0.09552399 0.005685609 0.08180016 0.007840898 0.04546715 0.03256428 0.1710397
0 0 0 0 0 0 0 0 0.001980257 0.007247871 0.001562502 0.02859943 0.006408507 0.08938725 0.004992162 0.009822019 0 0.06214635 0 0.04875891 0 0.04595227 0 0.1331425 0.007940762 0.02906371 0.006874373 0.1258258 0.01270205 0.177171 0.06753938 0.1328829
0 0 0 0 0 0 0 0 0.001942785 0.02720891 0.003742959 0.01118261 0.014613 0.04563291 0.01612054 0.1395563 0 0.02837701 0.009633555 0.08167365 0.01005366 0.04994883 0 0.1203133 0.006874694 0.09628081 0.03838939 0.1146936 0.0167527 0.05231469 0.01187672 0.1028174
0 0 0 0 0 0 0 0 0 0.04063593 0.007047323 0.03293101 0.001313446 0.02466741 0.0267081 0.08669679 0 0.02850866 0 0.08267555 0 0.1150024 0.009354994 0.01445837 0 0.09135542 0.01178354 0.05506257 0.006497081 0.1220196 0.05729553 0.1859862
0 0 0 0 0 0.006652632 0 0 0.01271488 0.06272307 0.004293879 0.03353913 0 0.07422962 0.01136351 0.02448329 0 0.07057932 0 0.1009575 0 0.0855337 0 0.05627683 0.005685123 0.02804497 0.01378541 0.1076767 0 0.07383669 0.0721572 0.1554665
0 0 0 0 0 0 0 0 0.002094377 0.0281595 0 0.03001975 0.004000905 0.03593164 0.008757892 0.04103593 0 0.05023902 0 0.03885046 0 0.0575463 0 0.1433642 0.00766644 0.1030775 0 0.1098929 0.01615933 0.145125 0.03132105 0.1467577
0 0.006926316 0 0 0 0 0 0 0.004987287 0.0604001 0.004011147 0.01266201 0.002859648 0.01422128 0.01190327 0.07202895 0 0.03099083 0 0.1227355 0 0.03594657 0 0.1634008 0.00434119 0.05257534 0.02655234 0.08381795 0.02791714 0.1388343 0.01742798 0.1054601
0 0 0 0 0 0 0 0 0.00377595 0.03758531 0.002433046 0.01318567 0.002386203 0.04634897 0.009491077 0.09479377 0 0.06110353 0.01034201 0.04830709 0 0.05870201 0 0.1115454 0.006114488 0.06086283 0.02901982 0.1572703 0.00700757 0.1361131 0.009429831 0.09418207
0 0.00927848 0 0.008568888 0 0 0 0 0.009477163 0.06627505 0.0008235247 0.00312531 0.007820575 0.05520756 0.002150454 0.047273 0 0.02937141 0 0.06139701 0 0.06976202 0 0.1116222 0.01069511 0.07479227 0.04091639 0.1552794 0.01207558 0.08524479 0.006041206 0.1328026
