0.0292826 0.03467469 0.004406149 0.05572447 0.01835665 0.06750516 0.03190083 0.02881613 0.0466528 0.009300845 0.02817056 0.02278049 0.01224523 0.02320891 0.02386748 0.04310702 0.05795026 0.06862122 0.005089166 0.06436256 0.004370518 0.01607224 0.03303066 0.02983671 0.08810772 0.01756542 0.02615803 0.02115303 0.02627866 0.04980707 0.004132689 0.007464045
0.07776125 0.02233684 0.01652016 0.01399213 0.009299656 0.02624245 0.09140347 0.03666627 0.02221906 0.04902745 0.04087009 0.01652242 0.02107833 0.02473601 0.02095992 0.0703645 0 0 0.04289341 0.03632956 0.004317719 0.01218406 0.0428599 0.01719314 0.02272428 0.05014224 0.0417735 0.01688764 0.04045527 0.04747539 0.014864 0.04989991
0.001455248 0.001399448 0.01343028 0.02742663 0.04603304 0.002827984 0.01358297 0.02673329 0.008564131 0.06381187 0.05306735 0.04105616 0.05501552 0.05342074 0.04842567 0.05374967 0.03904116 0.03754415 0.02386207 0.04872991 0.07829634 0.004810041 0.01173373 0.02309371 0.001637611 0.01220194 0.02073228 0.01603977 0.05273472 0.05120605 0.03238787 0.03594864
0.02213557 0.0222858 0.02178111 0.05205432 0.06453717 0.05564584 0.02233915 0.01148772 0.03359545 0.03348003 0.0004858147 0.04949056 0.04253861 0.02518675 0.02420726 0.03874886 0.02376546 0.02392675 0.01856697 0.04437291 0.0166691 0.01437258 0.04362551 0.02243405 0.05995291 0.05974692 0.0003340042 0.03402543 0.05160574 0.03055532 0.01386018 0.02218616
0.05760876 0.03069455 0.005062855 0.005099888 0.01932871 0.06398636 0.03037738 0.02839705 0.02361214 0.02379512 0.04337597 0.02957788 0.02621144 0.02848034 0.02707228 0.05731927 0.0304807 0.01624043 0.03220529 0.03244086 0.01337811 0.04428731 0.03122362 0.02918812 0.02347099 0.02365287 0.04321416 0.02946754 0.04542026 0.04935191 0.01795734 0.0380205
0.03641696 0.02360645 0.0220127 0.05701436 0.03396931 0.04484182 0.02356849 0.06203657 0.01688619 0.01159254 0.02474304 0.02191048 0.01491332 0.008256802 0.01894659 0.05928437 0.03664496 0.02375425 0.02226368 0.05766443 0.04715307 0.06224528 0.001874266 0.00493341 0.0210947 0.01448172 0.06359703 0.05631651 0.04772148 0.02642113 0.008194204 0.02563987
0.01867839 0.05361879 0.02371274 0.04787828 0.03471635 0.03581836 0.06311942 0.01632434 0.01441575 0.080116 0.04130946 0.03904342 0.01115048 0.03178076 0.02075674 0.04756071 0.01097551 0.03150666 0.0005839364 0.001179023 0.01910395 0.01971038 0.05011326 0.0129606 0 0 0.05499952 0.05198251 0.02555956 0.07284905 0.02080492 0.04767111
0.01250035 0.07429791 0.03748919 0.009281635 0.009088682 0.01668706 0.03262814 0.02923814 0.01843139 0.0159901 0.05307912 0.0213698 0.03350122 0.04507942 0.0003788106 0.0009590248 0.007794902 0.04633029 0.05567674 0.01378454 0.01589933 0.02919159 0.06334654 0.05676496 0.05603878 0.04861627 0.06368088 0.0256381 0.03007867 0.04047403 0.01038725 0.02629713
0.0569757 0.02455904 0.04958607 0.05855435 0.0218016 0.0378014 0.006464037 0.01190224 0.03146961 0.01728558 0.03872225 0.04579554 0.03597413 0.02621469 0.02908319 0.02781056 0.05107774 0.02201676 0.008186011 0.009666558 0.0345296 0.05987026 0.03766183 0.0693468 0.01715782 0.009424421 0.02268901 0.02683355 0.01379159 0.01005006 0.04482983 0.04286817
0.04156542 0.08080564 0.01922726 0.03342638 0.04052271 0.008378521 0.02169728 0.004932352 0.01015281 0.009570788 0.07882987 0.02782926 0.02361938 0.06467829 0.01144213 0.01332193 0.01441675 0.02802701 0.03013762 0.05239393 0.06075849 0.01256249 0.04167446 0.009473683 0.03655638 0.03446076 0.07582994 0.0267702 0.009074723 0.02484983 0.02449477 0.02851895
0.0233682 0.01754302 0.01479547 0.03172788 0.02167302 0.03899918 0.05286906 0.01631305 0.03752407 0.02183261 0.09035281 0.02872014 0.03214206 0.007884363 0.005651783 0.02860327 0.01350689 0.01013992 0.02615797 0.05609399 0.03398725 0.06115783 0.07769426 0.02397301 0.04739713 0.02757705 0.04041597 0.01284689 0.02029026 0.004977146 0.01217379 0.06161066
0.04284099 0.04829342 0.03734543 0.04502717 0.02220071 0.02745521 0.02601365 0.002534536 0.04895099 0.04689446 0.01578245 0.01585027 0.02891194 0.0535228 0.02863665 0.01973933 0.03801033 0.04284796 0.03243687 0.03910894 0.01739826 0.0215161 0.01546378 0.001506652 0.0206934 0.01982402 0.04295436 0.04313894 0.02828228 0.05235715 0.04407792 0.03038304
0.04382569 0.02189051 0.005592442 0.02787429 0.02508944 0.02576635 0.02771601 0.0565675 0.001434493 0.000890098 0.008783257 0.03189812 0.03727939 0.02984625 0.02732682 0.01821935 0.0304195 0.01519425 0.01794572 0.08944649 0.02407496 0.02472449 0.01771553 0.03615684 0.06031822 0.03742724 0.01663747 0.06042222 0.02322497 0.01859415 0.08261609 0.05508186
0 0 0.05825605 0.0503563 0.02818243 0.04955775 0.01643182 0.02832676 0.01578058 0.03072929 0.0442328 0.0347808 0.03954289 0.02257331 0.05774835 0.02350089 0.06476073 0.02420154 0.01124156 0.009717158 0.008888031 0.01562927 0.02733239 0.04711821 0.02858188 0.05565709 0.0569353 0.04476893 0.02286346 0.01305175 0.04922174 0.02003095
0.0316845 0.05030199 0.05452494 0.02787623 0.01187239 0.04173934 0.03557424 0.05864859 0.009326839 0.03922617 0.05349723 0.0166584 0.06220399 0.08264094 0.001804139 0.002420067 0.02005009 0.03183133 0.016438 0.008404036 0.01085153 0.03815032 0.02342818 0.03862429 0.00477277 0.02007298 0.05744637 0.01788812 0.0237379 0.03153692 0.0327869 0.04398026
0 0 0.02075479 0.04747316 0.0537564 0.04255589 0.05462085 0.05897224 0.02022204 0.01491419 0.08792736 0.03298501 0.01840704 0.03128655 0.01081582 0.03530866 0.04947167 0.04979865 0.02108143 0.0482203 0.01852916 0.01466848 0.03851436 0.04158262 0.03125404 0.02305052 0.02388619 0.008960648 0.01929298 0.03279239 0.01146585 0.0374307
0.01319403 0.01456598 0.01692984 0.02331212 0.02245882 0.02310078 0.04890068 0.03471553 0.0251657 0.01059715 0.03528829 0.02766294 0.02901806 0.03015243 0.0444204 0.06051726 0.02393814 0.02642728 0.02050654 0.02823717 0.05902622 0.06071343 0.04326136 0.03071207 0.06184632 0.02604318 0.02594595 0.02033936 0.0165527 0.01719977 0.03354695 0.04570354
0.05989467 0.03525382 0.0210873 0.05605902 0.02878989 0.03028573 0.06938624 0.02128777 0.0214661 0.01098326 0.04297137 0.04782766 0.03691318 0.03819771 0.006639167 0.05295711 0.02386462 0.01404664 0.00978397 0.02600996 0.01859011 0.019556 0.06588934 0.02021492 0.04913066 0.025138 0.05039391 0.05608904 0.01370632 0.01418328 0.001493152 0.01191008
0.02719378 0.03773089 0.04224778 0.07152128 0.01240445 0.02495461 0.02736926 0.02937795 0.01069365 0.01272334 0.06267947 0.05712586 0.01955801 0.008836323 0.01059365 0.02498969 0 0 0.02543134 0.04305271 0.02512678 0.05054875 0.04487352 0.04816689 0.04085223 0.04860612 0.03146472 0.02867684 0.0349711 0.01579997 0.02454026 0.05788877
0.03652078 0.01233595 0.03132893 0.0429505 0.05151029 0.03456784 0.01836914 0.03789434 0.02206251 0.03028152 0.01547709 0.008550125 0.0223733 0.004883062 0.0370498 0.02384481 0.03742654 0.01264189 0.01456792 0.01997194 0.04234795 0.02841912 0.02257537 0.0465715 0.03383057 0.04643357 0.06803505 0.03758511 0.03641695 0.007948147 0.07010781 0.04512056
0.03466429 0.08494051 0.05831013 0.03127717 0.04468081 0.005812278 0.02252186 0.01068184 0.0338697 0.004568575 0.04959431 0 0.01290207 0.02569921 0.01586556 0.04461168 0.01593897 0.03905647 0.05245417 0.02813607 0.04326608 0.005628244 0.04926522 0.02336589 0.04251557 0.005734789 0.05893927 0 0.02029583 0.04042659 0.02491616 0.07006068
0.02379254 0.0166693 0.001672097 0.001542333 0.03012663 0.01577344 0.0307175 0.04666172 0.07639843 0.03193373 0.008686713 0.02756905 0.04272909 0.01963994 0.02138188 0.02470561 0.0326033 0.02284221 0.03970765 0.03662613 0.08591007 0.04498004 0.01602782 0.02434722 0.06294863 0.02631186 0.01454249 0.04615354 0.01188019 0.005460594 0.05087496 0.05878329
0.04103322 0.0472927 0 0 0.02048113 0.02901232 0.03404738 0.0275777 0.01491578 0.03648682 0.00588052 0.01810454 0.0195792 0.01801361 0.08724873 0.01032637 0.02053496 0.0236675 0.08498655 0.02248506 0.03980405 0.05638399 0.02911272 0.02358072 0.01995831 0.04882181 0.0234956 0.07233662 0.01771558 0.01629902 0.08120629 0.00961121
0.04898951 0.01130695 0.04696425 0.02571516 0.03253734 0.01714401 0.03089119 0.01650715 0.01080692 0.03396833 0.05957075 0.03500036 0.01718418 0.01520048 0.05955139 0.04866204 0.05099105 0.01176891 0.02217685 0.01214288 0.04103554 0.02162174 0.03923936 0.02096811 0.01756331 0.05520503 0.04272625 0.0251035 0.03962548 0.03505122 0.03014663 0.02463413
0.009463227 0.04526379 0.07697952 0.04525962 0.02242688 0.02398817 0.01615986 0.01931449 0.07116754 0.03726908 0.02440013 0.01936869 0.01658635 0.06918806 0.01098026 0.02218433 0.01051734 0.05030572 0.0202636 0.01191385 0.04081404 0.0436554 0.03356141 0.04011308 0.02979041 0.01560067 0.03480711 0.02762969 0.006567548 0.02739578 0.02551476 0.05154958
0.05946715 0.01959697 0.01036601 0.01121865 0.0506739 0.006406619 0.01760982 0.04900533 0.008280115 0.02850465 0.08158014 0.02879744 0.01872722 0.04496054 0.05552903 0.03927644 0.01768877 0.005829204 0.03606133 0.03902748 0.06942548 0.008777351 0.03406063 0.09478532 0.004061698 0.01398257 0.01887504 0.006662808 0.03340901 0.08020878 0.00418467 0.002959874
0.02237734 0.01424715 0.01873701 0.01406674 0.06595138 0.01998377 0.04550401 0.02419926 0.01470432 0.006844201 0.05151416 0.05700043 0.01213909 0.02423615 0.06725358 0.03124141 0.0583955 0.03717911 0.05862733 0.04401425 0.05352787 0.01621935 0.04371961 0.02325031 0.0445422 0.02073239 0.02706757 0.02995028 0.009651194 0.01926898 0.01628784 0.007566212
0.0612147 0.02832834 0.007150052 0.01364034 0.01911688 0.01670959 0.05077294 0.0468005 0.02812173 0.07443558 0.005670567 0.005637461 0.03182629 0.006454853 0.02492104 0.009199147 0.01228264 0.005684043 0.03896512 0.07433476 0.02643061 0.02310233 0.02886267 0.02660448 0.01473994 0.03901525 0.03047871 0.03030077 0.07693387 0.01560335 0.09251224 0.03414921
0.02043363 0.0178073 0.02521119 0.02463242 0 0.001074316 0.05779326 0.03942566 0.03294725 0.04570179 0.02504027 0.007811332 0.04596083 0.07269203 0.002302786 0.1111659 0.01928395 0.01680539 0.03826337 0.03738497 0 0.02643986 0.05673854 0.03870614 0.05108835 0.07086567 0.03561347 0.01110965 0.01894154 0.0299581 0.0003815561 0.01841945
0.02316237 0.004687496 0.03969597 0.04525725 0.04863334 0.01068463 0.01988131 0.07077541 0.04494304 0.007631739 0.0191246 0.03969631 0.02550245 0.01352819 0.02982189 0.026974 0.01361514 0.00275537 0.02193243 0.02500509 0.0699262 0.01536263 0.01943583 0.06918954 0.05329869 0.009050606 0.0260574 0.05408651 0.03085211 0.01636601 0.05411723 0.04894922
0.04778812 0.03755222 0.036665 0.02844713 0.05857437 0.01838036 0.03114673 0.03644608 0.02258244 0.02278271 0.02014661 0.05051725 0.0001681493 0.01588906 0.0340631 0.03885068 0.01237286 0.009722677 0.04803715 0.0372704 0.02024257 0.00635202 0.02810984 0.03289249 0.06003328 0.0605657 0.02153011 0.05398635 0.0002826726 0.02671081 0.03825702 0.04363406
0.02026402 0.02798426 0.01772735 0.01892611 0.03955371 0.04562341 0.0323751 0.0143127 0.02423783 0.0497726 0.02759428 0.02887255 0.01388928 0.008563359 0.07246716 0.02783627 0.04004641 0.05530341 0.02726889 0.02911288 0.04319735 0.04982618 0.0474854 0.02099281 0.01061158 0.02179098 0.05399284 0.05649399 0.02433314 0.01500246 0.02495565 0.009586026
0.03628502 0.04451546 0.03313334 0.01981603 0.05181251 0.03796493 0.04428169 0.0693688 0.01610673 0.01646008 0.03748587 0.05324191 0.06236837 0.03601099 0.0172838 0.003864471 0.03134732 0.03845776 0.06062215 0.03625625 0.0252507 0.01850211 0.03210006 0.05028586 0.02288501 0.02338707 0 0 0.02449991 0.01414605 0.03453753 0.007722218
0.04215711 0.0284577 0.09255045 0.05848007 0.04291753 0.02264514 0.005435826 0.001845061 0.04736373 0.01581206 0.009610672 0.02410648 0 0.02927115 0.02254858 0.03679844 0.01357421 0.009163123 0.04794465 0.0302949 0.03294916 0.0173854 0.0553966 0.01880305 0.06310492 0.02106715 0.01890166 0.04741111 0 0.02413161 0.04554489 0.07432755
0.02456892 0 0.01994314 0.008796476 0.07158331 0.01104698 0.04598702 0.01731859 0.03399211 0.0599674 0.01446474 0.03667215 0.02735262 0.03877493 0.03852106 0.02101054 0.07179187 0 0.04475789 0.0197417 0.05956482 0.009192244 0.02593862 0.009768417 0.02924409 0.05159116 0.006921194 0.01754716 0.04191337 0.05941616 0.05345523 0.02915608
0.01419144 0.03347325 0.007396098 0.05232716 0.05907918 0.04415821 0.03560534 0.01325821 0.03739147 0.03795337 0.03581398 0.01483101 0.04457682 0.009436479 0.02787164 0.02263635 0.01712376 0.04038972 0.01208518 0.08550228 0.05136357 0.03839124 0.02598095 0.009674418 0.01237881 0.01256484 0.01879457 0.007783061 0.09699495 0.02053289 0.03335225 0.02708751
0.07240548 0.04714428 0.0136608 0.007092308 0.06976714 0.04953535 0.0263717 0.02020072 0.03278626 0.02798646 0.03022393 0.0189116 0.006565647 0.01771254 0.004650627 0.02498516 0.03339545 0.02174427 0.03404023 0.01767274 0.02495293 0.01771683 0.03640984 0.02788994 0.0343739 0.02934168 0.06718309 0.04203753 0.02557542 0.06899636 0.00763756 0.04103224
0.0654467 0.03367947 0.01159458 0.007320531 0.02693998 0.02465041 0.05826781 0.01694495 0.007580677 0.08716282 0.03030576 0.06577612 0.07415758 0.03023352 0.01132088 0.0186182 0.02063312 0.01061799 0.0624673 0.03944031 0.06335013 0.05796614 0.01602137 0.0046592 0.0001859225 0.002137741 0.004936561 0.01071439 0.03215033 0.01310746 0.0346413 0.05697074
0.06130628 0.02193884 0.04619356 0.03622907 0.02971811 0.01477598 0.01698175 0.03187863 0.02863941 0.03232898 0.0370419 0.01223307 0.03714573 0.03444406 0.01570428 0.02344035 0.03132542 0.01121 0.04611682 0.03616889 0.06153157 0.03059379 0.02920563 0.05482565 0.02838597 0.03204288 0.03671409 0.01212482 0.04390306 0.04070992 0.01008642 0.01505507
0.01680344 0.05342915 0.04510247 0.04672915 0.02894984 0.01681218 0.0323756 0.0373093 0.04650344 0.02623901 0.03515807 0.04707232 0.005058815 0.002672719 0.08960253 0.03018199 0.01450873 0.04613276 0.03414257 0.03537396 0.05606142 0.03255681 0.02030889 0.02340375 0.01757698 0.009917601 0.01082159 0.01448877 0.04369289 0.02308422 0.04333274 0.01459633
0.03662881 0.01440353 0.007255047 0.003674956 0.05112496 0.09816403 0.04866691 0.03285954 0.02832983 0.05524353 0.04728512 0.02532609 0.004012243 0.0289703 0.008083671 0.03997144 0.01776342 0.006985103 0.044591 0.02258703 0.03189639 0.06124363 0.01322574 0.00892992 0.01993634 0.03887611 0.03979809 0.02131601 0.006863567 0.04955821 0.01453887 0.07189058
0.04447725 0.05529641 0.002054912 0.01070447 0.006868156 0.004592449 0.0409423 0.03224183 0.04362725 0.005726897 0.02525547 0.01229439 0.07173017 0.0748559 0.01605146 0.01328068 0.03569885 0.04438265 0.008068107 0.04202846 0.02640639 0.01765685 0.06633918 0.05224173 0.02985009 0.003918386 0.05153105 0.02508537 0.03176407 0.03314823 0.0393353 0.03254529
0.01137045 0.03048088 0.04470648 0.07802906 0.01336313 0.04933707 0.004247345 0.03015448 0.0404613 0.02929773 0.04134853 0.02648706 0.02419742 0.02788612 0.02604739 0.03258556 0.02405814 0.0644929 0.001949098 0.003401884 0.01334622 0.04927466 0.007628544 0.05415966 0.0470874 0.03409565 0.05652478 0.03620867 0.005227053 0.006023873 0.03843672 0.04808475
0.02530221 0.02353244 0.005495691 0.02081756 0.01778089 0.04891273 0.02757247 0.05898601 0.0432782 0.03947067 0.0433103 0.04020034 0.004684846 0.01008658 0.07125421 0.03931485 0.03851672 0.03582265 0.00796241 0.03016144 0.02925361 0.08047259 0.00618308 0.01322751 0.01790973 0.01633407 0.03209511 0.02979048 0.03128492 0.06735717 0.02811561 0.01551292
0.02431793 0.04093825 0.02549352 0.01078127 0.01190756 0.02502172 0.02609132 0.02149288 0.01149876 0.02380583 0.03025428 0.01906326 0.103322 0.02662279 0.01828725 0.06110139 0.01255197 0.02113074 0.06098466 0.02579055 0.0180316 0.03789036 0.05898578 0.04858989 0.02449307 0.0507079 0.02956137 0.01862665 0.05387711 0.01388242 0.01034182 0.03455411
0.05307994 0.02254115 0.004769352 0.01514779 0.05575591 0.04626237 0.01109575 0.009881087 0.01659668 0.01163296 0.03269756 0.0986321 0.03156826 0.02267426 0.04044672 0.05721812 0.03298122 0.01400594 0.0208615 0.06625756 0.00478281 0.003968443 0.04158052 0.03702867 0.05113301 0.03584021 0.01340049 0.04042254 0.0507355 0.03644134 0.008514779 0.01204547
0.03114617 0.02402026 0.05734865 0.0520664 0.0145242 0.01803804 0.04138192 0.04314103 0.02826415 0.02850028 0.02765725 0.008651151 0.03494781 0.05312424 0.02195566 0.01523277 0.02642639 0.02038032 0.0239535 0.0217472 0.0323037 0.04011895 0.04083373 0.04256954 0.06586719 0.06641746 0.0438404 0.01371322 0.01425372 0.02166711 0.01529555 0.01061201
0.01197483 0.003798357 0.009771835 0.02933652 0.03525465 0.05972917 0.04078604 0.01818193 0.01923585 0.02916432 0.02773928 0.03173085 0.0380138 0.04279185 0.0494946 0.04299611 0.03016864 0.009569346 0.01565614 0.0470021 0.03491884 0.05916024 0.03091141 0.01377994 0.02931726 0.04444917 0.03315715 0.03792833 0.01997169 0.02248198 0.04362799 0.03789976
0.03872804 0.04501387 0.02145205 0.02552288 0.06318936 0.03320852 0.03446439 0.04082089 0.06891083 0.01429364 0.04733689 0.009492419 0.0364037 0.03356041 0.02279761 0.0448045 0.01795692 0.02087145 0.01285238 0.0152913 0.006431883 0.003380211 0.04615187 0.05466399 0.0388916 0.008066987 0.06273796 0.01258078 0.03178767 0.02930491 0.01990685 0.03912324
0.02143763 0.05022536 0.02208255 0.02444409 0.02489118 0 0.0571619 0.03942396 0.05585365 0.006419733 0.05752001 0.02811574 0.01688487 0.02001253 0.007259271 0.01826752 0.03161437 0.07406802 0.03187094 0.03527926 0.02218072 0 0.06233099 0.04298903 0.01983478 0.00227978 0.0395984 0.01935567 0.05688056 0.0674168 0.01259816 0.03170251
