0101
1111
1001
1001
1101
1111
1010
0111
1110
1110
1011
1110
1100
1111
0101
1001
1010
1110
0001
1100
1100
1111
1000
0001
1110
1111
1111
1001
0011
0111
1110
1110
1111
1010
1110
1110
0111
1111
1110
1100
1111
0110
0111
0011
0101
1111
1101
1111
1100
1110
0111
1001
1111
0011
1111
0110
1001
1111
1001
1101
1101
0101
1111
1010
1110
0101
0101
1110
1111
1111
0101
1110
1001
1011
1111
0011
1100
1010
0111
0110
1110
1110
1110
0110
1111
1110
0101
1111
1101
0101
0001
1110
0101
1010
0111
0101
0111
1101
1111
1101
