1100
1110
1101
1101
1010
1101
1010
1001
1111
0111
0111
1110
1111
1101
1101
1111
1101
1110
1100
0111
1111
0001
1110
1110
1111
1111
0011
1100
1011
1111
0101
0111
1001
1000
1101
1111
0011
0111
0010
1110
1111
1100
1111
1110
0110
1110
1100
1111
1111
1111
1110
0101
1100
0111
1100
1100
0101
1101
1101
0111
0111
1110
1010
0111
0111
1001
1111
0101
1110
0011
1110
1111
1110
1000
1110
0110
1100
1111
1111
1111
1101
1101
1001
1100
1001
1111
1100
0011
1011
0001
1111
1101
0111
1111
1001
0011
0111
1111
0011
0101
