0111
1111
0111
1010
1100
0101
0010
1111
1111
0110
1111
1111
1100
1111
1110
1111
1111
1100
1111
0111
0100
1111
1111
1111
0110
0011
0101
1100
1010
0001
0111
1110
1011
0011
0111
0101
1001
1001
1010
0110
1110
0001
1101
1111
1111
1111
1101
0011
1111
1001
0111
1100
1110
1111
1111
1001
1111
0101
1001
1111
0110
1111
0001
0101
0111
1101
1110
1111
1111
1111
1111
0111
0001
1101
0101
0111
1100
1110
0110
1110
1110
1110
1010
0110
1111
0010
1101
1111
1110
1110
0011
1010
0010
1111
0010
0011
1111
1101
0011
0010
