1111
1111
0100
0010
1101
1111
0101
1110
1111
1101
1100
1011
1110
1111
1110
1111
1110
1100
0110
1101
1110
1111
0010
1010
1111
1010
1111
1111
1110
1110
1100
1110
1110
1111
0111
0111
1101
1110
1100
0110
0011
1001
1100
0111
1010
1010
1111
0011
0011
1111
1010
0101
1111
1111
0101
1111
1110
1101
0011
1111
0010
0011
1110
0111
1111
1111
1110
1001
0110
1011
1110
0111
0111
1110
1110
1110
1110
0001
1100
0101
0111
0011
1111
0111
0101
1110
1111
1001
1100
1110
1101
0011
1010
0111
0011
1110
1010
0111
1001
1111
