1100
0001
1100
1001
1110
0101
1101
1111
1100
1110
1010
1101
1101
0110
1101
1111
1010
0111
1111
1110
1111
1110
1111
1110
0010
1010
1010
0101
1100
0001
1110
1100
1110
1100
1010
0111
1101
1110
1101
0010
0110
1100
1010
1101
1100
0111
0111
1101
1110
1111
1110
1101
0111
0110
0101
0101
1110
0010
1001
0010
1110
0101
1010
1101
1100
1001
0110
0111
1110
1111
1111
1111
1110
1101
1111
1100
1111
1111
0101
1111
0110
1100
1110
1100
1110
1100
0101
0100
1101
1010
1101
1110
1100
1111
0110
1110
1001
0010
1111
1110
