1010
1010
0100
1100
0111
1001
1111
0100
1011
1111
1100
0110
1101
1101
1100
1001
1010
0101
0101
1101
1111
1100
1110
0101
1111
1111
1101
0101
1011
1001
1111
1010
1100
1011
1101
1100
0111
0100
1110
0110
1111
1111
1101
1101
0011
0110
1100
1111
1111
0100
0101
1111
0110
0011
1100
1101
1101
1010
1011
0111
1011
1001
1010
1111
1001
0010
1100
0101
1100
1101
0100
0111
1001
1010
0011
0011
0110
1110
1000
1000
0110
1101
0010
0010
1011
0001
1100
1010
0011
1111
1100
0111
1100
1000
0111
1100
1010
1001
1101
0100
