1110
1100
0111
1101
1111
1011
0011
1110
0111
1001
0111
1111
1011
1101
1111
1100
1111
0101
1000
1011
1111
0110
1110
1101
0111
1100
1111
1000
1101
0110
1100
0101
1011
0101
1110
1110
1110
1010
0101
1111
1101
1110
1011
0111
0011
1110
0111
1001
0110
0101
0011
1010
1001
1111
1100
1101
0110
1110
1111
0010
0110
1110
0110
1110
1011
0110
0100
0111
1010
1110
1101
1101
1010
1000
1100
1001
1110
1000
1011
0011
1100
1111
1000
1110
1011
1100
1010
0111
1010
1001
1001
1100
1010
1110
1100
1101
0010
1110
1100
0100
