1100
0100
1010
1111
1011
1011
0010
1100
1001
1100
1010
1001
0111
0010
0111
0100
0010
0100
0001
1011
0111
0111
0111
0111
0110
0111
0111
0111
0110
1101
1100
1001
1100
1011
1110
1011
0100
0101
1001
1011
1110
1010
1111
1111
1100
0100
1011
0110
1101
1101
0100
1110
0010
1111
1000
0001
0111
1100
1011
0110
0010
1001
0001
1100
0110
1111
1011
0111
1011
1011
0101
1111
1100
1000
1001
1100
0011
1100
1111
0110
1101
1001
1101
1001
1011
1101
0101
1111
0101
1001
1010
0010
1100
1111
1010
1010
1110
1100
1010
0110
