1010
1000
1000
1011
0111
1000
0111
0101
1001
1100
1000
1000
1011
0010
1001
1110
0010
1011
1100
1011
1011
1010
1001
0100
1011
0111
1110
1101
1011
0001
1000
0110
0110
1100
1001
0100
1011
1010
0011
0100
1111
0101
1110
1111
1100
0111
1010
1001
1110
0001
1110
1110
0011
1101
1001
0110
1000
1010
1111
1111
0010
0101
1111
1000
1101
1100
1001
1100
0111
1100
1101
1010
1110
0100
1100
0110
1100
1111
1011
1110
1000
1101
0100
1101
1000
1100
1110
0111
1100
1111
1001
1001
1100
1011
1010
1100
0001
1111
0111
1101
