0010
0101
1010
1011
1011
1011
1101
1101
0010
1010
0111
0100
0111
1011
1110
1110
1101
1101
1011
1010
0110
1010
1001
1011
1011
1111
1100
1011
1000
0100
0011
1111
1101
0110
1001
1101
1010
1001
1110
0101
1001
1110
0111
1111
1111
1111
1101
1111
1011
1110
1001
1010
1010
1001
1001
0010
0100
1001
0011
1101
0101
1001
1101
1001
1001
0111
1111
0011
0110
1001
1100
0001
1001
1010
1011
0011
1011
1011
1011
1011
1011
0010
1001
1011
1101
1110
1011
0101
0100
0011
0001
1001
1101
1001
1000
1100
0011
0110
0111
1110
