1110
1011
1010
0100
0111
0010
1000
1100
1001
1011
1011
1110
1101
1110
0011
1001
0101
1010
0111
1011
0011
1110
0100
1001
1101
1010
1011
0110
0011
0100
1010
1010
1000
1101
1100
1010
1110
1011
1111
0111
1111
0011
1101
1101
1110
1100
1101
1011
0000
1011
0111
1001
0010
1000
0101
0000
1110
1000
1110
1000
1100
0101
0010
1110
0111
1000
1100
1101
0011
1010
0110
1101
1010
1101
0111
1011
0001
1011
0110
1010
0010
1000
1110
0010
1101
1001
0011
1010
1111
1001
1111
1100
1001
1111
0101
1010
1011
1001
1100
1011
