1010
1000
1010
1001
0100
1001
1110
1010
1011
1110
1101
1010
1000
1111
0101
1001
1110
1000
1100
1111
1111
1011
0100
1110
1010
1101
1001
0101
1100
1111
1110
0001
1001
0011
1110
1101
1110
1111
1111
1111
1001
1010
0000
0111
1010
0100
1001
1110
1101
1001
0001
1010
1101
0011
1011
1101
0111
1010
1010
0000
1111
0100
1111
0111
0010
1111
1111
1101
1100
1000
1011
1111
0010
1111
1110
1001
1001
0011
1101
1100
1011
1001
0111
0000
1110
1000
1001
0101
0011
1111
1000
1100
1000
1110
1101
0011
1101
1110
1000
0111
