1111
0111
1100
1101
1111
1001
0111
1011
0111
1101
1110
1011
0111
1101
0101
1000
1000
0010
0001
1101
1010
1101
1010
0100
0100
1111
0011
1111
1001
1000
0111
1100
1001
1011
1011
0011
1110
0001
1111
1110
1010
1101
1011
0011
0111
0110
0110
0100
0011
0011
1000
1111
0111
0001
1000
1111
1011
1001
0111
1110
1001
0000
0011
1010
0011
0111
1110
1110
1100
0110
0110
0100
0101
1010
1110
0010
0110
1110
1101
1001
1011
1001
1101
0011
0111
1110
0111
1111
1101
1101
0100
1100
1110
1010
1110
1010
0010
0111
1101
0011
