1100
1100
1000
1101
0011
1100
1000
1001
1000
0101
1100
1100
1001
1111
1001
1110
0110
1100
0100
1100
1111
1111
1111
1101
1000
1010
1101
1011
1011
1000
1000
1100
1111
1101
1111
1011
0100
0111
1001
1110
0100
0100
1001
1110
1111
0100
0001
0111
1101
1111
1011
1011
0100
1000
0110
1001
1001
0111
0011
1101
1010
0110
0001
1110
1011
0111
1110
0110
1011
1101
1101
1011
0101
1010
1011
1111
1111
1110
1000
1101
1011
1000
1100
0011
1000
1100
0101
0011
1110
1100
1111
1000
1101
0111
1000
1110
0011
1100
1101
1110
