1011
1101
1110
1111
0101
1100
1101
1000
1000
0010
1000
1101
1100
0110
0111
1001
1111
1010
0011
1011
1100
0001
1101
1111
0111
1101
1110
1111
1001
0000
1111
0111
1010
0111
1011
1111
1111
1000
1101
1100
1111
0110
1101
1000
1111
0110
0110
0100
1101
0111
1111
0010
0011
0101
1110
1000
1010
1100
1101
1111
0101
0101
1001
1100
0111
0010
1011
1111
1010
1001
0011
1100
0011
1101
0100
1101
1101
1110
0011
0111
0101
1101
1000
1001
0100
0011
1010
1001
1111
0010
0111
0001
1011
1101
0100
1101
1111
1010
1100
0110
