1011
1011
1101
1110
1101
1111
0110
1111
0100
1111
1010
1000
0111
1101
1011
0011
1100
0011
0111
0011
1111
0111
0111
1011
0110
1010
1001
0011
1010
1100
0011
0001
0110
1001
1101
1001
1000
1111
1001
0010
1011
0111
0110
1101
1111
0111
0110
0111
1011
1011
1110
0010
1101
1010
1011
1111
0011
0101
1101
0101
1101
0011
1101
0010
1111
1100
1011
1110
0110
1101
0110
0101
0110
0011
0100
0010
0111
1100
1011
0011
1010
1110
0111
0001
1101
1001
1101
0100
0110
1111
0110
0111
0100
1100
1110
1101
1111
0110
0111
0100
