01001
11111
11111
01111
10011
01101
10011
10111
11101
11001
10011
10111
11111
11011
11111
11111
11111
11110
10011
01001
11100
10011
10111
11111
11100
10111
01001
11100
11101
11111
11111
11100
11011
10011
01101
11100
10011
10101
10111
11110
11011
11100
11111
10111
10101
11101
11101
11001
11011
10011
10101
11111
11111
11110
11111
10111
01001
01101
11100
11111
10001
10011
10101
11001
11100
10111
01111
11101
11110
11011
11011
01001
11111
10111
10101
10011
01111
10101
11101
01101
01011
11011
11111
11111
10011
11101
10011
11101
10101
11110
10101
11101
11011
11010
10001
10001
10101
01011
11111
11110
