10011
11011
11001
10101
01001
11101
10101
10101
11011
11001
10101
10111
01011
11010
01111
11101
11001
11001
11101
10001
11001
01001
10101
11111
10111
10111
10101
01111
10011
11111
11011
11111
01001
10001
11111
11100
11111
01101
11101
11001
11111
11010
01001
11111
10011
11101
01111
10111
11011
11111
11111
11101
10001
10111
10101
10101
01111
10101
11111
10101
10101
11010
10001
11001
10001
11111
11011
10011
11011
11000
11100
10101
10011
11011
10111
11101
11010
10111
11111
10111
11111
11101
11110
01111
10011
11011
01001
11001
11011
11011
10101
11110
10101
10101
11011
11011
01001
10111
01111
01011
