11010
11001
11101
10111
10011
01101
01111
10001
11001
10111
11111
11111
11011
01101
10101
11011
11001
11101
10011
11000
10011
11100
01001
10111
11111
11111
10011
11011
11011
10001
01001
01001
10001
11101
11101
11010
10001
11110
10011
10001
11011
11001
01111
11101
10001
11111
11101
11101
11101
11110
10111
11011
01001
10101
01001
11111
10001
11011
01111
01011
10111
01001
11001
01111
11011
01111
10001
11111
10011
11011
11110
10001
11101
01111
01001
11001
10111
10101
11001
10101
10011
11001
11001
11111
01111
01011
11101
01101
01101
11001
11111
11011
10111
11111
01101
11111
11101
01111
11100
11011
