11101
01101
11111
10001
11111
10111
11111
01111
01101
11100
10011
11110
11111
01011
11101
11011
11111
11101
11111
01001
11011
01101
11011
11110
11101
11111
11001
10111
10101
11000
11101
10011
01101
01101
10111
10111
11100
01001
10101
11101
11101
10011
01001
01111
10101
11001
01101
01011
11001
11011
10011
11001
11011
11101
10111
11111
11011
11101
01011
10101
11111
11000
11101
01111
11011
10011
01011
01111
10001
01111
10001
11100
10011
10101
11101
11101
11111
11011
11001
11001
11001
11001
11001
10111
11011
11000
10011
01101
11100
10001
11111
01111
01101
11110
11100
01111
11011
01101
11001
01111
