10101
11111
11101
11110
11111
11111
11111
11001
01101
01011
11100
11001
01101
11101
10011
10101
11011
11011
10101
01111
10111
01001
10101
10001
11111
10101
10101
10111
10011
01101
01101
10001
10101
10101
11001
01011
11000
11110
11111
10111
10111
10001
11001
10001
11011
10001
11001
11110
11011
11111
11001
11101
11001
11111
11001
10011
01101
10011
10101
11101
01101
11011
10001
10101
11011
11011
01001
11001
01111
11011
10001
10101
11011
11010
11101
10001
11111
11100
10001
10111
11001
10011
10011
11011
11001
11001
10011
01011
11101
11100
11001
11101
11111
10101
11101
10001
11001
10001
10111
11001
