11111
11101
11001
11001
11111
10001
11111
11101
11111
11001
01101
11100
10001
10011
11001
11000
01111
11111
11011
10001
10001
11100
10101
01011
11011
11101
11110
10111
10101
11001
01001
11100
01111
11011
11111
11110
01101
11010
10111
11011
11111
11111
10011
10111
11110
01111
10001
10111
01011
11011
11111
10101
11111
11110
10011
10011
01111
10101
10111
10111
10011
11101
11111
11001
01111
01111
11101
01011
11111
01111
01111
11011
11001
11011
11101
11001
11011
10011
10111
10101
01011
10111
11101
11111
01001
11011
11101
10111
11011
11001
10111
10011
10101
10011
10011
11001
11100
11111
11001
11111
