11011
10101
01111
10001
01101
11100
11101
01011
11011
11011
10101
10001
10101
10001
01101
11101
11011
11011
11011
01111
11110
11001
11101
11001
01111
10001
11111
11111
11011
01111
11011
01111
01011
11101
10101
11111
11011
11011
11011
10101
11001
11111
10011
01101
10011
10111
11001
01011
10011
10101
01101
01001
10011
11011
10111
10101
11001
10111
11111
11001
11101
11111
11101
11111
11001
11011
10011
10111
11001
11111
11101
11001
11111
11011
01011
11000
10101
10101
01001
11110
11010
11001
10101
11001
11110
10011
01111
10111
11000
01111
10001
11101
10011
01101
01001
11011
11110
11100
11101
10001
