01101
11111
10111
01011
11011
11111
11001
01001
11010
01111
11111
01111
11110
10001
01101
11111
10111
01111
11011
01001
11101
10111
01001
01001
11100
11010
11000
11111
11110
11001
11011
01111
11110
11011
01001
11110
01011
11110
01111
10011
01111
11010
11011
11101
10011
11100
10011
11101
11011
11111
10101
11001
10111
10111
11011
11011
01001
11101
01111
11010
11101
01001
10111
11001
10001
11111
11111
11001
10011
00101
11100
11011
11101
11011
01101
11111
10011
10111
11001
01111
11101
10111
11011
10001
11000
01001
11101
10011
10101
10011
11100
01101
11011
01001
10101
11100
11001
11100
10111
11001
