10011
11111
11001
01101
10011
11001
01101
11010
10011
11100
11101
11001
11001
10101
10011
10111
10001
11111
11100
11111
01101
10111
11111
11001
01111
10111
01111
11111
10011
11100
11011
10111
10011
11011
11111
11011
11111
11110
11101
10001
10011
10001
11100
11111
11111
11011
11111
11001
10101
11110
11011
11001
10111
11101
11111
01101
11111
11001
10001
10011
11001
10111
10001
10101
10101
11111
10111
11111
11111
11100
11001
10101
10011
11100
11111
11001
11110
10101
11100
10001
10001
11111
11111
10011
11110
10111
11010
11111
01011
10101
01111
10011
10101
11001
11110
11110
11011
11101
01001
10111
