01101
11100
10101
01001
11011
11001
10001
10111
10001
10011
10111
10111
11101
11011
11111
11111
11110
10111
10011
01001
11011
11010
11111
11111
11001
01011
10001
11111
10111
11100
11011
10001
11111
01111
10111
11001
10101
11011
01101
11110
11101
01111
11011
11011
11101
01011
11011
11011
11110
11100
10011
10001
10011
01101
01001
10011
10111
11011
10001
10101
11101
01101
01001
10101
10111
01111
11011
11001
10011
11110
10101
01001
11111
01111
10101
11101
11111
10011
11100
10111
11101
11101
11011
11101
01111
11110
11111
10111
01111
10101
10101
01111
11101
10111
11001
11101
01011
10001
01001
10111
