10101
11100
01101
11011
10111
10001
10111
01001
01001
01111
01101
10011
11110
01101
11111
10111
10001
11011
11000
10011
01001
11110
11000
11110
01101
11110
11110
01101
01111
11001
11111
10111
11110
10101
01111
11110
01101
11111
11100
01111
01111
01111
11001
11101
10001
11011
11001
11101
10011
11011
11111
10001
11111
11011
11101
10011
10111
11111
01101
10011
10011
11111
11011
11010
11101
11111
10111
11101
11111
10001
11001
01111
11011
01101
11001
11011
11111
01111
01111
10101
11001
10001
01101
11110
11011
10101
11010
01111
10001
01101
10110
10001
11111
11001
01011
01001
10001
11111
01011
01101
