11101
11111
11101
10101
01111
11001
01101
11011
01111
01111
11110
10101
01101
01111
11101
11101
10011
10111
11001
10001
10011
01011
11111
10101
10101
11111
10101
11110
11011
01101
11110
11101
11111
10011
11111
10001
01101
11111
11111
10111
11011
11111
10101
11101
11011
11101
11111
10111
11100
10111
11101
10111
11010
11101
01001
01011
11110
11110
01101
10011
10111
01011
11111
01101
11111
11111
11011
11101
11101
10001
11110
01101
11110
10111
01101
11110
10101
01111
10011
10111
10111
01101
01111
10011
11001
11110
01111
10101
11100
10101
10111
10011
11100
11110
01111
11011
10001
11111
11100
01111
