11100
10101
11111
01111
10001
10101
10101
11001
11011
11101
11111
10101
11101
11101
01001
11001
11011
11101
01001
01111
11110
11111
11111
10001
11101
10011
10111
10001
01111
10001
01001
11101
01101
10011
11101
11001
11101
10001
11001
11011
11011
11100
10011
10101
11101
11111
01101
01111
10111
10111
11010
10001
11111
11111
11101
10001
01111
10011
11000
11101
10101
10011
11010
10011
01111
01001
01011
11111
11101
11001
11011
11111
10011
10111
01111
10111
01101
01001
10001
01111
10011
11111
11001
11011
11111
10011
11011
11111
11011
11001
11011
11101
11111
01111
10011
10011
11111
10101
10001
11111
