11010
01111
11011
11110
10011
01001
10001
01001
01111
10011
11001
11011
11000
01111
10011
11001
11111
11111
01111
01101
10111
10011
11101
11000
11000
11001
11100
11111
10111
11010
01001
11101
10001
10111
01111
11110
10111
01111
01011
10011
11001
11011
01001
10011
11101
10101
11101
10001
11001
11100
10011
11001
11101
11111
10011
10111
11011
10111
10101
11001
11111
11111
10111
01101
10011
11101
11101
10111
10111
11001
10001
10111
11011
11001
11101
11100
10111
01111
10101
01011
11111
01101
11100
11011
10001
01001
11001
01001
10001
01001
11011
11101
01111
11011
10001
11101
11011
10001
10111
11101
