10111
11110
10111
11011
11110
11101
01011
11001
10001
11111
11001
10111
10001
11101
11101
10010
11111
10011
10001
11100
11011
11111
10001
01111
11100
11101
10011
01001
11011
11110
11111
01101
11100
11111
10001
11001
11111
11111
10101
10101
11111
01111
11100
11001
10101
10001
10001
10101
10111
10111
11101
10011
01011
01001
11111
11111
01011
10111
11100
11110
11011
01111
10111
11111
10111
10111
01111
01101
11101
01011
11001
10111
10011
11111
10001
10101
11111
01111
01111
11101
01001
10001
11011
11111
10011
11001
11101
11110
01111
10001
11011
11101
10001
10101
11101
11111
10111
11001
11011
11001
