10011
10111
11011
10111
01011
11011
11001
11111
01101
11011
11011
11101
11101
11111
11011
10011
11111
01111
11101
01111
11001
11110
11001
10101
11110
10111
11101
01111
01111
01111
11001
11110
10111
11111
10111
11000
11100
10011
11010
01111
11110
10001
11011
10011
01101
11101
01001
11001
11111
11101
10111
01111
11100
11001
10101
10001
11101
11111
01001
10101
10011
10011
01101
11101
11101
11111
01111
11001
10101
11101
01111
11110
10101
11111
10111
10101
11111
10111
10101
11101
01001
11101
11001
11011
11111
10101
10001
10101
11101
10011
11011
11011
01111
11111
10011
01111
11101
11110
11101
11101
