01111
11101
11101
11111
11001
11111
10001
10101
10001
11011
10101
01001
11001
11110
01111
01011
11011
10111
01101
01001
01111
11011
01101
10101
01001
10101
10011
10001
11111
11100
11101
11101
11000
10111
11111
11100
11111
11001
11111
01001
10111
10011
10011
10001
11000
01001
10111
01101
11011
10101
01111
01111
01101
01111
11110
11100
11101
01111
11010
10111
10101
10111
11001
01011
11101
01101
11101
11110
11011
10011
11001
10011
10111
10111
11101
11011
11010
11011
11111
11001
10011
10111
11101
10011
11111
10101
11001
11111
10101
11101
10011
11011
11101
01111
11010
11101
11000
10011
10011
11001
