11111
10101
11001
11100
11010
10001
10111
01001
11111
11111
10111
01011
11011
01101
01111
11111
10001
11110
11111
01111
10001
11111
01111
11111
11000
11100
11110
10111
01101
01101
11101
11001
11011
10111
11101
10011
10111
11011
11001
11111
11011
11001
11001
10111
10101
01001
01111
10011
11001
11011
01101
11010
11110
01101
10111
11011
11011
11101
10011
11111
10011
10011
01111
11101
11011
10101
10111
01101
11101
01101
10111
11001
00011
11101
01111
11110
10011
11111
11111
11110
10111
01111
11101
10101
10111
10101
01111
10011
10111
11111
11111
11111
01101
01101
01101
11111
01001
11011
11001
01011
