10011
11011
11111
10011
11101
10111
11111
11111
10011
11101
11011
01111
01111
01111
11100
11101
10001
11010
11001
10001
11101
11110
01001
01111
10101
01111
10101
11001
01101
10011
11101
10001
01111
10101
11011
11011
11111
01001
01111
10111
11101
11011
11101
10111
11111
01111
11101
11001
01111
11101
11001
11101
01101
11110
11101
10111
11001
11001
11111
10011
01101
01011
10101
01011
11001
01111
11001
10111
10111
01101
10111
10011
10101
11101
11110
11111
11001
11001
10001
11001
11111
11010
11101
11111
10111
11101
11010
11111
11111
11110
10111
11100
11111
11011
11111
11111
10111
11011
11011
11011
