11101
11001
11111
11101
11111
10011
11011
11111
11111
10101
10111
11101
11110
01001
10001
10011
01101
10001
01011
10011
01001
11011
11001
11001
01101
10011
11111
01111
11111
11011
01101
11101
11110
11111
01111
01111
11001
10011
01111
11110
11011
11111
10001
11101
11001
10101
11011
11111
11011
11011
11011
01001
11101
11011
10011
11001
11011
11011
11011
11101
11111
11110
01101
11001
11101
11101
11101
11011
11101
11011
11101
10111
01101
10011
11101
10011
11111
11001
11011
10011
01001
11111
10001
01111
01001
11010
10101
01111
01111
01011
10101
11101
10011
01101
11100
10111
01001
11001
10101
11011
