01111
10011
01111
11101
01101
01111
11101
10011
10011
11001
11001
11100
10101
11111
11101
10111
01111
11101
11101
11100
01101
11101
10001
11111
11111
10001
10011
11011
01101
11011
11011
11010
11011
11101
10011
10111
01101
01101
01101
11101
11001
11101
01101
10001
11010
01101
11111
11111
10011
11111
11001
11110
11011
10101
10101
10101
11101
11111
11000
10001
11101
10101
11011
10011
11001
10101
01001
10011
11001
11101
01111
01111
11010
10001
11111
11001
11101
11011
11110
11010
10111
10111
11101
11001
11100
01111
11111
01011
10011
10111
11101
11111
01111
11111
10111
01011
10001
11001
11011
10101
