01111
11110
11101
01101
11111
11101
01001
11110
11011
10001
01101
10011
11001
10001
10101
11101
01101
10011
10011
10111
10111
11011
11001
11110
11101
10101
11101
10111
10011
11111
01011
11111
11011
11001
10101
11011
10011
11110
11101
10101
01111
11111
10001
11011
11101
11101
11101
11011
11011
11111
01001
11001
11111
11101
10111
11011
10011
11011
11001
10011
10011
10101
11111
10111
10011
01101
10101
11011
11011
10111
01001
10011
11011
01101
10001
11101
10101
10001
01011
11110
11111
11011
11110
11111
11010
10101
10001
10001
11111
10011
01001
11011
11011
11111
11111
11111
11111
11001
11111
10001
