10101
11111
11101
01101
01101
10001
01011
11101
01111
01001
11010
10011
10011
10011
10101
11000
10101
01111
11001
11101
11111
10001
10001
11001
11111
10101
10101
11111
11011
11101
11011
11011
11001
11111
11101
11010
01101
11111
11101
01111
10011
10111
11101
11111
01111
10111
11011
11011
01111
11111
11011
10111
10011
10101
11101
01101
11001
11101
10011
01011
11111
11101
11101
10111
11011
11101
01101
11011
10111
11101
11001
01101
01101
11111
11101
11111
11101
01001
01101
11111
10101
10011
11111
11011
11100
10011
10001
10111
11001
10101
11011
11110
11101
10011
11110
11101
01001
01111
01111
10001
