11111
10111
11010
10111
11011
11111
01101
11111
11111
10011
11001
11011
01111
10101
11101
11110
11101
01101
11001
11011
11001
10111
01111
11111
01101
10101
11011
11011
01111
10001
01101
10101
11011
01111
10111
11001
11101
11101
10001
01011
11101
11100
01111
01100
10111
11101
10011
11001
01101
11011
01101
10001
10101
01111
10001
11010
10111
11111
10111
10101
01001
10011
11111
11100
11111
10001
01011
11111
10011
01001
01001
11001
10111
11011
11000
11010
11001
11101
11101
10001
11110
01101
11111
10111
11100
10011
11001
11101
01111
10101
10011
11001
11011
10101
11011
11001
01101
11111
11001
10101
