10011
11110
10111
11111
01101
11101
01011
11011
11011
11111
10101
11110
01111
11011
10101
01011
01111
11011
11010
11011
01011
11101
01111
11001
01111
11100
10111
01101
11001
10001
10001
11101
10001
01011
11011
10111
11011
11100
11111
11111
01011
11001
11111
11011
01001
11111
11111
10101
10001
11101
10011
10101
10101
11011
10001
10111
01010
01111
11001
01001
10011
11011
10111
10011
11011
01101
01011
10011
01101
11101
11100
11101
10101
10111
11011
11101
11101
11011
11011
01011
11011
10001
01001
11011
11011
11110
10011
11001
11111
11111
10001
01101
11110
11101
11011
01111
10111
11011
11111
10001
