11100
10011
11100
11011
11011
10101
11001
11000
10101
11110
11101
11011
11001
10101
01111
11111
11001
11001
11100
10001
11001
01111
11001
11111
11010
11011
11101
10101
10000
01111
01101
11101
01011
11101
10101
01001
11001
11111
11111
10101
11001
10101
11111
01101
10111
10001
01101
10101
10011
11101
11110
11101
11100
11001
11111
11101
11111
01011
01011
01101
11111
01111
10101
11001
11100
11001
10011
01001
01101
10111
10011
10101
11110
11011
11101
10001
11111
11011
11110
01111
11111
11011
10101
10101
11101
01001
01101
10001
11010
11111
11111
10001
11001
11011
10001
11101
11110
11000
11001
10011
