11101
11011
11010
11101
10101
01001
01111
11101
10101
11010
11111
01111
10011
11101
10001
11011
11101
01111
01011
10111
10101
01111
10111
11111
10001
11101
11111
10001
10111
11111
11100
11011
10001
11111
11011
11100
10011
10111
10011
10001
11111
10011
11111
11111
11111
01111
10001
10101
11110
10011
11110
10001
11110
11001
11111
10001
11101
01111
01011
01101
01101
11010
11111
01101
11011
01101
10111
10011
11101
01001
10001
11101
01111
10111
01111
10001
11011
10111
10111
10101
10001
01011
01001
10111
11010
01001
11110
10011
11001
11101
10001
11010
11111
11111
10011
01101
01101
11011
11111
11101
