01111
11101
01111
01111
11011
01001
11011
11001
10101
10111
11110
11011
10111
11111
11100
10001
11110
10001
11000
01111
11001
10111
10111
01111
10011
10011
10101
01101
11101
11111
11001
11111
11001
10111
11011
11101
11001
11101
10101
11101
10101
10011
10111
11011
10001
01111
10111
10001
01101
11111
10011
11101
10011
10011
11100
10111
01001
11111
11111
01101
11111
10011
11101
11111
01101
10111
11001
11011
11111
11000
11011
11101
10001
10001
11010
10001
11101
11011
01111
11001
11011
11111
01101
10111
11010
11011
11011
01011
11110
11001
01111
10001
11111
11001
11001
11101
10101
10011
01111
10011
