11010
11001
01001
10111
11101
11000
01001
01111
11111
11101
10101
10111
10111
01101
11011
11100
10001
01001
11111
10111
01001
11011
01001
01001
11101
11011
11011
11111
01001
11101
11110
10111
01111
11101
01111
11111
11100
01111
11001
11011
11011
11111
11011
11111
11110
11011
11101
01011
01111
01101
11011
11011
11111
11101
11111
11001
01111
11110
01111
10111
10101
01001
11001
01011
11011
11111
10111
11011
11001
11011
11011
10001
10001
11111
10011
11101
01001
01001
01111
11011
11101
11001
10011
10111
11011
11101
10111
11111
10111
10111
01001
11010
11110
11011
10011
10011
11110
10001
11001
11001
