11110
11100
11111
11001
10111
01111
10011
01001
11011
11010
11011
11101
11101
11011
11001
11010
01111
11011
11111
11110
11110
11001
11100
11111
11111
01011
10011
01111
01111
10011
10101
10111
11011
11101
01101
10101
10011
11011
11100
01101
01101
10001
11110
10101
01011
11001
10111
11100
10001
11111
11010
11111
11011
11110
10011
11101
10011
11111
01101
11110
11101
11000
11111
01101
11110
10011
01011
01101
10011
11101
11001
01011
11011
01001
11011
11011
11110
11111
01111
11011
11010
11100
01111
11111
10111
11111
11111
11011
10101
01111
01011
10101
01111
11011
11111
11001
11010
10011
11100
10101
