01111
11011
10001
11011
11111
10011
01011
11011
11110
11110
11011
10101
10001
11001
10101
10011
11001
01111
01111
11001
01011
10001
10011
01001
11111
11001
01111
11000
11111
10011
11101
01001
11001
01101
11101
11011
01111
11100
01011
01111
11001
11101
10011
01101
10011
10011
01011
11110
11110
01101
11111
11000
01111
11110
10111
11111
10001
01001
10111
11111
11111
10011
10101
11011
10111
10111
10101
11110
11011
01001
11101
01001
10101
10111
11011
11011
11111
11111
01101
11100
11010
11100
11111
10101
01001
11111
11011
10101
01111
11111
11100
11001
01101
10001
01001
01101
11111
11101
10111
01011
