10011
01111
10111
10011
01101
11001
11010
01011
11011
10011
10101
10101
10011
10001
11001
01011
10111
10111
01111
01111
11011
01101
01001
11110
10011
11111
11101
10101
01001
11101
10111
01101
11100
11111
11001
11111
11111
11011
11011
10001
01101
01111
10111
11001
10001
10111
10111
01001
10111
10011
10101
10101
10101
11100
11011
10001
11111
11101
01111
10111
11110
10001
10001
10101
01111
01111
10101
11101
11011
01111
11100
11001
11010
11101
11111
01101
01101
01111
11111
11101
10101
10111
10111
10101
01011
10011
11011
10001
10101
10101
10001
10111
11001
10101
11110
10011
11101
10011
10011
11000
