11101
11111
11001
11001
11101
01001
01011
01111
11011
11111
10111
11011
11111
11101
11011
11001
11110
11111
11111
10111
01000
10111
10001
10111
11110
10101
11010
11110
11011
10011
11001
11111
10111
11101
10101
11111
11001
11111
10101
11011
11011
11001
01111
01111
11011
10101
01101
11011
10011
10111
01011
11101
11101
10101
01001
01111
11011
11110
11111
01101
11001
11111
11111
01001
01111
11010
11110
11111
10001
11000
01111
10111
01001
11111
10011
11111
11010
10001
11101
10111
11101
10111
11101
11101
11111
10101
11011
01111
11011
11011
10111
11101
11111
11011
10011
11111
01001
11010
11111
10111
