11001
11111
11011
01011
11111
11010
11011
10111
11011
10001
10011
01001
10011
10111
11111
10101
10001
10111
10101
11111
01101
11001
01111
01101
11111
11111
11111
10001
11111
11011
11011
11110
01001
11110
11010
11111
01101
01111
11101
11011
11101
10111
10001
10001
10011
11101
10111
11111
10001
11100
11100
01111
11101
01111
11101
11111
11111
01101
01111
11011
11101
11011
01101
11011
11011
10011
11001
11111
10011
10111
10111
11001
10001
11001
01111
11011
10011
01001
11100
01001
01001
10101
11011
10101
01111
11001
10101
11101
11101
11011
10001
01111
11111
10111
01011
11010
01101
10001
01101
11101
