01001
01111
10011
11001
10111
11011
01001
10011
10011
01011
11011
11001
11101
11111
01001
01111
11111
10001
11111
01001
11011
11111
10111
11111
10101
10011
01111
11110
01101
10011
11011
10111
10101
10111
11010
10101
11111
11011
11001
11001
01001
11110
11011
11101
01001
11101
01111
10011
11101
11111
10111
10101
10011
10011
11111
01101
10101
10101
10111
11111
01111
01111
10011
11011
01001
10011
10011
10011
01011
11011
10001
10001
10011
10111
11001
11010
11011
10101
11011
01011
10101
11101
11101
10101
01101
11111
11110
11000
10101
11110
11101
10111
10001
01011
01101
11101
11011
11111
01111
10101
