11101
10001
11110
10001
11011
11101
11100
01101
10001
10011
10101
11010
10011
10111
11101
11111
01001
10001
10111
11001
11101
11111
11011
01011
10011
01101
11010
01111
11011
11001
10101
11001
10001
11011
10001
10111
11111
10001
11110
01101
01101
11101
11010
11101
10101
10101
11100
11001
11101
11101
01111
01101
10101
01101
11101
11110
11011
10001
11100
11111
11001
11111
11101
11011
11011
11101
11011
11010
11101
11100
10001
01001
01101
11111
01001
10001
11111
11110
11111
10111
01101
01001
11101
10011
11011
01101
11111
01101
11011
10111
11111
11111
11111
11001
11011
01001
10011
10101
10101
10101
