10111
11000
11010
11111
10111
10011
11110
10011
01111
11101
10101
11011
10101
11101
11010
11111
11011
01001
10101
01001
11110
10001
10011
01111
10001
11011
10001
10111
11110
11101
11100
10011
11100
10111
10111
01111
01101
11111
01101
10011
11011
11011
11001
10011
10011
10011
11001
10001
10101
10001
11110
11100
11111
11111
11010
01101
10001
11111
11110
11111
11011
10011
11101
10011
11011
01011
10001
11011
11010
11101
01011
11101
10101
11111
11001
11101
10001
10111
01111
10011
11111
11001
11101
11101
01101
11011
01111
10001
01001
11010
10011
11100
11011
10011
10001
11111
10101
10011
01011
10101
