01111
11101
01111
11101
11011
11101
11111
10001
11111
01011
01111
10101
01101
10011
11111
10001
10111
11001
01111
11101
11011
01111
01101
01101
11001
11101
11001
11111
11110
10011
10111
10011
11110
11101
11110
01111
11011
01111
11001
01101
11010
11111
11101
01001
11001
10011
10001
11101
11100
01101
11111
11100
11001
11001
10001
11101
10001
01111
01111
11101
11101
10101
11111
01111
11101
10001
11111
10001
11111
01001
10011
11010
11001
01011
10101
10111
10101
11011
11101
11011
11111
10111
01111
11101
11010
11111
11011
10111
11100
01001
10111
11101
11110
11110
11100
01011
10101
11111
11001
10101
