11100
00110
00001
11000
01000
01001
01111
01011
10011
00110
10000
11000
10110
00001
01100
10000
10110
10000
01000
00011
10101
11011
10111
00000
11111
10111
10000
11000
10000
01010
11101
11100
00111
00011
10100
10001
10111
10000
00101
10000
11111
00101
01101
11000
11011
11101
01111
11001
10001
00111
11101
11011
00110
01111
00101
10101
10010
10011
01001
01000
11101
01110
00011
10011
01110
10011
10001
01101
00000
10001
11010
00011
10011
11001
11100
01010
01000
11000
11010
01110
00100
00100
00001
10111
00011
11000
00101
00011
00101
00101
11000
10001
10010
01010
01101
00001
00001
11000
00110
01011
