00110
00100
11001
11111
00001
01111
00100
10011
11010
01101
10001
11101
10110
00011
00000
01001
10110
01100
00001
11100
00010
01000
01101
11001
10011
11010
10010
10100
11111
00100
01010
11000
00111
01001
10100
00001
11000
00010
00000
01100
01101
01010
10010
01010
10000
11110
00001
00000
10011
00100
11011
01010
11010
01110
11100
10110
11010
10000
01010
00101
11001
00010
01010
11010
10101
01101
10100
11000
11011
00000
01011
10101
01010
10010
01101
00011
00001
10001
11010
00011
01011
11000
10011
11101
01011
10011
11111
01101
10100
11010
01110
10110
10100
11110
11011
00111
10001
00001
10110
00001
