11010
10110
00010
01010
10111
11011
00101
10110
01111
00110
01010
11110
01011
11010
01110
10110
00011
10000
00110
11001
10101
11110
10111
11001
11000
01111
10101
00111
10011
00000
10101
01010
01100
00011
01001
01100
10011
01010
10101
10010
10011
10100
00111
01101
10110
10100
01000
11010
01100
11100
11111
00101
11100
01010
00000
10010
01001
11011
00100
01000
11001
11011
01000
01010
00001
10010
11111
00110
11000
01011
10011
11101
11000
00100
10110
10001
11111
10111
00110
00011
10101
01111
01010
00110
00100
01010
10110
01010
00010
01000
11111
10110
10101
11111
00100
10000
11000
00001
10101
10011
