11111
01101
00000
11110
11010
10011
00110
01101
11101
10111
01010
00011
00010
11111
10001
10101
01001
01001
01011
10000
00010
00011
01001
11101
01000
01111
11001
00110
01100
10000
01000
01101
01100
11101
10000
01110
00100
00001
01110
10100
00001
11100
11101
01110
00011
01001
11000
01011
00101
00000
10010
10011
11010
11011
00001
00000
11011
00101
00001
11100
11110
00100
00011
01101
00101
01001
00010
11111
00110
11010
01000
00000
11011
11000
10010
01110
10010
11100
10100
10101
01011
01001
11111
11000
10010
10001
10001
10011
01101
10000
00011
00001
11010
01101
10001
11100
11000
10110
11010
11110
