01011
11110
00011
00101
10101
10101
11101
11011
01100
11000
11110
00111
00001
10000
10111
00011
00110
01111
01111
11011
11110
01101
11100
11001
00110
10111
10001
00101
00000
11001
10011
11001
01011
00111
10001
11010
01101
10010
10100
01110
11110
11000
11111
11101
00000
00000
10010
00010
10011
10001
11100
00100
11111
10011
10011
10100
00000
10011
11111
00101
00000
00110
11011
10111
11011
10011
11110
10110
00100
00111
11000
01011
01111
11000
00011
01000
11010
10000
10011
11111
11110
11001
10110
11011
00111
01011
11000
10100
01100
01101
11100
11010
11110
11110
00111
01100
10111
10011
11111
01110
