11111
11110
01000
00010
01010
11111
01000
01011
11001
00111
10011
01110
11010
11001
00100
01101
01011
01100
00110
01110
00011
10110
10111
10000
10000
00011
01110
01011
10010
10110
00101
01011
11010
10111
11101
01100
11011
00101
10000
10001
00000
00101
01110
10001
00100
01010
11001
11110
01101
00111
10000
00101
11010
00010
00010
10111
00111
01100
11010
11100
00011
10101
10000
10101
11110
10110
10111
11110
11010
11001
11001
01111
01111
01000
10100
01110
01011
01001
11001
11000
00010
01001
00110
10011
00010
10001
00100
11100
11010
11011
11000
00010
11010
01011
00011
11111
11101
01100
01110
11010
