10101
00001
10111
10101
10001
11010
01001
00000
01111
00111
00011
10111
10011
00101
11100
00100
01101
01010
11101
01100
10110
11001
00111
00110
10010
01101
11001
10111
00011
11011
11001
11110
11110
01100
00000
11010
00001
01100
11110
01001
00010
00111
01001
10010
11110
00010
10001
00010
01011
11011
11010
00111
11111
10000
01010
01010
00111
00001
10101
10001
01100
01010
00111
00101
10101
01101
01011
11101
00101
01100
01100
00100
11111
00011
01010
10101
01101
00001
00001
01101
00010
01111
01000
01000
01101
11101
11010
10110
11010
11101
11101
00000
10000
11111
00100
01100
00010
00110
10110
00110
