00010
00100
10010
00100
11101
10110
10100
00110
01001
11010
01011
00110
01001
10100
00101
10111
10111
00011
10001
10100
11011
10001
00101
00101
01010
11111
10001
10000
10000
10110
01111
11001
00011
10011
00111
11111
10111
10011
11001
00110
01101
00100
10000
10010
00101
00110
11011
10101
10010
00110
10000
01111
10011
11000
00100
00111
00011
00111
00101
01010
11100
11000
01011
10110
10000
11100
10111
11000
00011
00110
10111
01010
00010
11101
10011
11010
00001
01101
01010
11101
01010
01101
01000
11110
01100
01000
01111
01010
11111
01011
00111
01010
11110
00011
01111
01100
10001
00111
01110
01010
