00011
01010
10000
10110
00010
01000
11001
00110
00110
01110
11110
11110
10110
01010
00110
00011
01111
10110
00100
00011
11110
01000
01100
11010
11011
01011
01101
11110
11111
01111
01101
00100
01111
11000
00111
11001
11111
10010
01101
00111
00101
10100
11101
10101
01110
10100
11011
11000
00101
01000
01010
10000
01111
10011
11001
10111
11011
11100
10011
11111
10101
10111
10101
11000
11000
01011
10100
01111
01110
00111
10010
11100
01101
00001
01110
11111
00110
01111
10100
11010
10001
01010
11001
10101
10111
00111
10100
00101
00000
01100
10001
11100
00000
10110
10010
10001
10101
10110
10100
01000
