10000
01001
01111
10110
11010
01101
11101
01100
00010
00110
10111
01010
11010
00111
01101
01011
11111
00011
00110
01010
10101
10011
00110
11011
01100
10110
00110
11000
10010
01101
11111
10110
01100
11000
11011
11000
00001
11000
10110
00000
11100
00000
00101
00100
01011
10111
11010
01000
00000
00100
00110
10100
01010
00000
11010
11001
00000
00111
01010
00101
11011
10000
11011
01111
01111
10101
11000
00010
00001
01110
00011
00111
01111
11010
01011
01101
01011
00011
10110
10100
00011
11100
01011
00101
01001
10110
11011
10011
01110
00010
00100
00110
00001
10011
10000
00011
11001
10001
01000
00001
