11010
00010
00001
00110
01010
11110
10111
11101
01000
11100
10101
00000
11000
00101
00110
11101
01011
00011
11100
11001
00011
10110
01111
00011
11011
10101
00011
01100
11011
11111
00011
11111
10110
10010
01111
10100
00110
01100
00110
11000
10011
00001
11010
00111
01101
10110
00000
01010
01111
11111
10100
01010
00101
10010
10010
11111
00001
11011
01011
01011
00111
11001
10011
01010
11111
00101
01011
10111
11010
11010
00010
00000
10100
11001
11110
10100
10111
01000
11000
11110
00011
01110
10111
11001
01011
00001
00101
10010
11001
01010
10011
01011
10101
10010
00011
10111
01001
10111
00011
11100
