11100
01000
11100
00110
00011
00110
00110
11100
01010
01011
00110
00011
01110
00110
00111
01111
01100
11100
01101
00111
10010
00100
10011
10111
01010
10110
11101
11111
11111
00000
11111
11110
10010
10011
11010
11000
11001
01011
11000
01101
10101
11010
11010
01101
11101
11111
00011
01111
11001
01001
01101
10000
00111
10010
00000
10010
01010
10110
01111
11110
11101
00000
01111
00110
00001
01111
11100
00110
11000
01000
11111
00000
00101
11010
00110
11001
11001
00000
10100
10110
01110
01010
00001
01001
00001
00101
11011
10010
00010
00101
00000
00111
10110
01110
01001
01001
01111
10111
11011
01001
