00111
00011
11000
00100
01101
01001
01010
11001
10011
00000
10100
11000
11001
00101
10100
10100
11100
00101
11100
01110
11101
11110
00001
00011
00111
11011
11001
01000
11110
00100
10000
00110
00001
10110
10101
01011
01110
10101
11111
11100
00010
00100
10001
10110
01111
10000
10000
11110
11111
01111
10111
11011
10111
11110
11111
01001
00011
11010
11011
01111
10000
10010
11000
10010
10100
10111
00110
11001
11000
11100
11011
10100
00101
00000
11110
00011
11010
01001
10111
11111
00010
11010
11010
01010
01000
00111
01110
00000
10111
00011
11110
01100
10010
00110
11010
00101
11110
00100
01100
11010
