00110
01010
01010
11101
01111
01101
10001
00001
00011
10001
00010
10010
10001
10010
00001
01011
01100
11100
11010
10110
00000
11110
11010
10010
00011
11100
00001
01111
01101
11000
00000
10110
00111
10110
10100
01111
00000
00100
11111
11010
01111
00000
10001
00100
10111
00100
10010
11100
10100
00011
11000
10100
11010
11110
01000
01010
00001
00110
01001
11111
00010
10001
11111
10110
11010
00010
00111
11110
00010
11101
01010
10101
00001
11111
10000
00100
10010
01110
11010
10111
10010
00000
10011
01000
11000
00001
11101
10100
00011
01111
01101
11001
00101
11111
11110
01000
10110
11000
10011
00010
