00101
01011
11101
10101
01001
01010
11000
10001
10101
10000
01000
10111
11001
11010
01001
01000
10111
01000
10111
11110
01000
11110
11011
10000
11101
11110
01101
10100
10010
10010
11110
10100
00011
00111
01111
01100
01110
10110
11111
01111
11000
01011
01111
01001
00001
10000
10000
01010
11000
11001
10010
00101
11011
11111
10100
10100
00110
10100
10101
11100
00110
10100
00000
11011
11000
00100
11110
00101
00111
10011
01000
01110
11111
11001
10100
11000
01000
10000
11111
10011
00100
00001
10010
10011
00110
01100
00111
01100
10110
11011
11111
11000
10100
00001
00111
11011
01000
01100
01100
10100
