10101
11010
10111
00001
00001
10010
10111
01000
10100
10011
11000
10010
00010
10001
10010
10000
10010
00000
10001
11110
10011
11110
10101
10001
00111
10010
01100
00100
10011
00101
01110
00001
00000
00110
00001
11111
00100
11110
00000
10110
11001
00111
11001
11001
11110
01111
01101
10010
11011
10010
11111
00101
11011
11011
11110
01110
01001
00100
10110
01100
11011
11101
01010
01000
01110
11000
10110
10101
01110
11101
11011
11011
01011
01101
10000
10101
10100
00110
10110
01110
11110
11110
11001
10101
11100
11010
11001
01001
01011
11010
01110
01001
11100
10101
10100
00000
01110
01110
00111
00110
