11110
11010
10110
10101
10111
11001
00100
00111
00010
11001
01110
01011
01110
01010
11010
11111
00101
01000
11110
00110
11101
10010
00111
01001
10000
00010
00000
10000
01111
10101
11001
01011
10100
10110
11010
00100
00001
01110
01010
11010
11111
01100
01111
00000
00000
11001
00010
10001
10011
00110
01110
00010
11010
01100
01001
01111
01000
10110
00100
11101
01001
11100
11000
11010
11010
01100
01111
01111
11000
00000
11101
10100
00100
00010
11100
01011
01011
10000
10001
11001
10100
00110
01110
11110
11101
11100
01010
10111
00000
01011
10110
10011
00011
00010
01101
10101
10011
10000
01011
11110
