01000
10100
01101
01101
01101
01011
11000
10101
11101
11001
10110
10001
00111
01001
00100
00001
11000
10100
10001
11110
00101
10111
11010
00011
01011
11110
10100
01000
11110
00010
01111
00011
00001
10101
00011
10100
10011
00110
01001
01000
10000
00010
10101
01111
00011
00011
11010
01001
01010
10101
10110
00111
11101
00101
00110
01000
10001
01100
01101
00000
11101
11111
01100
00101
01111
01001
00001
00001
00010
00010
01111
11111
11111
00010
11110
11000
11101
11010
11011
00100
01010
10001
01100
10010
10010
00010
11011
01000
10111
10111
01000
10111
11001
01101
10010
00000
11010
01011
10001
10110
