10011
10000
01111
01110
11100
00100
11101
01010
11100
11010
01111
11100
11001
10000
11101
00001
01101
01010
10011
10110
01010
11101
10111
10100
00000
00110
10111
11100
01010
00100
00000
01011
10100
10111
00001
10000
10010
01011
10111
10011
01110
01101
11110
01001
01101
01010
00111
01101
10111
00110
11000
11010
01010
00100
10110
01011
00100
10101
01111
00010
00011
11101
01001
00000
00000
11101
00111
10101
01001
01110
00001
10110
01110
00111
01100
11100
10101
00111
01000
01101
10111
10111
01111
10010
01010
00111
01101
00010
10110
11111
10011
11011
00100
10010
01110
10100
10100
10111
00100
10100
