00101
11111
00001
10010
10010
11001
10001
01111
10001
01110
10000
01011
10010
11010
10101
01010
00110
10111
00011
01011
01101
00011
00110
01010
01110
10010
11110
00100
01100
00100
00011
01101
10001
11001
10000
01010
00100
10000
11010
10110
10010
10100
11011
11101
01110
11011
01100
11111
10000
11101
10101
00111
11011
01110
10000
01010
11000
01110
00110
11011
10100
01110
10101
01001
10110
00100
10011
00100
11000
10100
10000
00011
10111
10010
01110
00111
01010
10110
11000
00000
01000
01011
00100
11000
00100
00110
10110
11100
10010
01010
01111
00001
10010
10011
00110
01011
00000
10100
01000
10111
