11110
11110
01101
10011
11010
10011
00000
10010
11000
11011
01011
00000
11110
00100
10011
00001
01100
10101
00111
00111
01110
11000
01111
11111
11100
10000
11110
01010
10111
11101
11011
00000
10111
00111
00100
11110
11110
01001
10110
11100
00110
00000
00101
01001
00110
00000
00010
11100
11010
10101
10010
01100
00111
10010
01001
11111
00011
10001
10111
11111
11001
11100
00011
00001
11101
01001
11011
10011
10010
01100
10100
01001
01000
01001
10100
00110
01000
01110
00110
00110
11001
10011
10011
11110
10101
11110
11001
11111
11100
10000
00001
10110
01110
11100
00100
11001
01000
11010
10110
11100
