00110
11000
01111
01100
00001
00111
10010
01101
00111
11101
01101
10011
11010
01111
11100
10010
01001
11100
11111
10111
01001
01011
00000
10001
10110
01111
01111
01110
01100
00010
10110
10011
11001
11001
01111
01111
01111
00111
01001
00111
01101
11000
10110
10110
01101
01111
01010
10001
01001
01000
00111
01101
11010
10010
00011
11010
01111
11001
01001
11000
10101
11000
10101
00011
00001
10000
11001
11010
11010
11101
00110
00011
01100
11001
11111
01101
10110
01110
10000
10110
00000
10110
00010
01011
01011
10011
01000
10010
10101
01000
11000
11101
11001
01100
00111
00101
10110
01100
00111
11111
