01111
10100
01011
01110
01001
10010
10001
11100
10000
10111
10100
11101
11111
10011
00011
00100
10010
01101
10001
00011
01110
01010
01100
11100
11101
01100
11011
01001
01001
11111
00111
01010
01001
10100
01010
01010
01011
11100
01110
11111
10100
00011
01111
00111
00101
01101
10000
01100
11110
11000
01011
11011
10100
10100
10100
10011
01110
11000
01101
01001
11100
00111
01111
00000
01110
10101
11110
10010
01101
11101
11100
10010
11010
10001
00011
10001
01100
01010
01100
00100
01111
00100
11101
10011
01101
11010
01101
01001
10110
10110
01001
11100
00100
01111
11110
00111
10000
11111
01011
10110
