10010
11011
11011
11110
10110
11110
00011
00010
01010
11001
10100
11100
01111
11110
11000
01110
00100
00100
11011
11111
11110
11010
01000
10100
10101
11010
00111
00111
01011
00100
10100
00011
01000
01000
00110
00110
01011
10100
11111
00111
11100
10000
00110
01000
00111
10111
10111
11111
10011
00000
10111
11000
00011
10100
10010
10111
10111
11110
00100
01111
01101
00010
10110
11100
10111
00111
01011
01111
11100
11100
01011
11000
10011
11010
10000
11001
00001
10111
01110
00010
11011
10101
11011
00100
01010
01101
00010
11000
00000
10101
01111
00011
10011
01100
00111
00100
01101
11110
01000
11111
