01101
11111
11000
10011
10011
01110
01111
10100
11010
11101
00100
11001
01001
11000
11111
11011
10110
00100
11000
10010
11011
00101
10110
01001
11110
11000
11000
00111
01001
10011
10111
10011
01000
11011
10110
10000
10010
00001
00000
10100
10100
00011
00000
11000
11110
11100
11111
00100
00111
01110
00101
00001
11011
10001
11011
00010
01011
00000
01011
10111
00001
01111
11110
01110
00111
00010
11001
00000
00110
00111
11111
00100
11101
01001
11001
01110
01011
01101
10010
11001
01010
01011
00110
00011
01010
00010
00111
00101
00000
00010
10001
01111
11010
00010
10011
10110
11000
11111
01011
11010
