01111
10101
11101
00011
00101
00010
00000
11100
01010
00101
01100
10100
01100
01000
00100
00000
11001
10011
11001
11110
11011
10110
01001
11110
01000
00000
00110
11000
00011
00001
11011
00101
01110
10011
11011
01001
10000
01010
01010
10101
01111
11011
10010
11100
01110
10101
00101
00100
11010
10001
11110
10010
01010
10110
10110
10010
10111
01111
01010
00100
10001
10000
01110
00011
10100
10001
10111
00110
01110
11011
11110
00110
11101
00001
00111
10100
10001
00110
10110
10101
10001
10100
11011
01010
10010
10000
01110
01001
11010
11000
10101
01111
10001
01001
01001
01101
11011
10111
00100
11011
