00110
00100
00100
00111
10000
10000
10111
00100
01110
01010
10001
10101
01100
11101
01100
00000
10010
00010
10101
10011
00111
10010
01100
11110
01001
01011
10010
10001
10101
00001
11111
01101
00110
11101
00111
10011
01001
00100
11001
00001
00010
10100
01110
01100
10000
00110
00000
00101
01011
01110
00110
00100
01101
00101
01011
00110
00011
10110
11001
10111
11000
00100
10111
10111
11110
00011
11000
00001
00110
00001
01101
01000
01100
11100
10001
01010
10011
00111
00000
10010
01010
00011
10010
10110
00000
11111
10100
00101
10111
00111
10001
11000
11100
01010
01011
10010
10111
01100
00010
01011
