00000
11000
01001
10110
00011
11011
00100
01000
00011
00011
00100
11011
10010
11111
10010
10010
00010
00010
00000
10010
00111
00000
00000
00100
11110
11101
01000
11010
01101
10001
11111
01111
11001
01000
00001
10011
10010
11110
10101
10010
01101
01111
00000
11000
11011
10110
01001
10110
01011
10000
01010
10100
00100
00010
11110
01000
01110
01010
00110
11100
00011
11000
00010
00011
11111
11111
01010
00011
11101
11110
11000
10011
11111
11011
10111
10111
00010
00010
00100
10101
11110
00011
00001
00010
11000
10110
11001
01111
10101
11011
00101
11011
10110
01111
11111
01110
11000
01101
10001
10100
