11101
10000
10100
01001
11101
11110
01100
01000
10111
11110
11111
10000
01001
11011
11001
00111
11001
01010
01000
11100
01100
00100
11100
01000
11001
01011
11001
10000
00010
10010
11100
01110
10101
01101
11111
11111
10100
10011
10000
01110
00101
11100
01100
10000
11111
01110
10011
11011
11111
11000
01000
01001
10110
01100
11101
10000
01011
01110
01000
11010
10010
00110
10110
00010
00100
10100
11001
00010
00100
11000
10100
01011
11101
11110
10100
00001
10000
10011
00110
01110
11101
01101
00000
10101
00000
00100
00100
01001
11001
00110
01101
11101
00110
10110
00111
01110
00100
10010
00100
01010
