00110
11011
11100
10100
10011
01100
11100
00111
00100
00010
00001
10001
00011
11100
01110
10100
00110
10011
11100
01111
10001
01111
10011
01010
01100
00100
00101
00011
10101
00001
01001
11011
10110
00011
00001
10010
00110
11100
11110
10011
00011
10110
10100
00001
01001
11111
00100
01110
01100
01010
11001
01000
10011
10011
10011
11100
11100
00101
11101
01000
00010
10000
00100
01101
11110
10000
01100
11101
10011
10100
10000
10101
01000
10111
01011
10000
01000
01101
11000
01110
10111
11100
10100
00001
11010
00100
11111
00110
11100
10101
11110
01010
00101
00100
00101
11001
01010
11111
10101
01001
