11010
00000
11001
11101
00110
00100
00101
00101
00110
01011
00001
01001
00100
00010
10110
10001
10101
10100
01010
01001
00000
01011
10000
11011
10100
01001
00100
10000
01111
11000
11011
00101
01010
01101
00100
10100
11010
11100
00010
01010
00111
00111
10010
11101
10011
10000
11101
11100
11101
11010
11111
10110
00100
11010
10011
10011
10111
11101
11001
01001
11000
11111
11000
01101
00001
01000
01100
10101
00001
00101
11110
01111
11101
00000
11010
00000
01111
11011
00010
10010
00100
11011
00101
00000
11110
10110
00110
00001
10001
00001
11100
11111
01000
10000
11010
00000
10111
10111
11000
11000
