01001
11100
11111
00000
00110
10100
11101
01111
11001
01000
00100
10101
00110
00110
00000
10101
10101
00101
00111
00001
11111
01101
00000
10010
00110
01011
10010
01011
00101
11011
01011
00110
10100
00011
01100
10001
01001
01101
01111
01100
01100
01001
10010
11100
11110
11110
00001
10000
01010
01100
10100
01001
00001
11100
00110
10101
11010
10011
11111
10010
10000
00010
01010
10110
11100
00010
01100
01111
10010
01011
01010
01100
00100
00000
10011
00100
10100
00000
10101
01011
01001
00100
10101
01111
00001
11110
10100
10000
10011
11110
01001
10011
01101
01101
01000
11110
01001
01011
10111
10111
