00001
11001
10111
11100
10000
01011
01100
11101
00000
00000
11011
10010
10000
00100
01111
10010
01110
10100
10111
00011
01000
01010
01001
00110
11010
00111
10111
00011
10101
10100
01111
11001
10000
00100
10111
11100
11100
00111
10110
11111
01000
10011
00000
00001
00010
01010
11111
00000
10001
00001
11000
00011
01101
11001
01101
00100
01110
10000
10011
10101
01001
10010
11000
00010
00000
01101
11100
10110
11010
11011
01100
11010
10010
01100
11101
10100
00010
01010
10100
10101
00101
10010
10110
01100
11110
11001
10011
10111
01000
11101
01010
00111
00010
00110
00011
00100
01000
11101
10100
10101
