01100
11011
00011
11000
11001
10100
11001
11111
00101
11100
00110
10011
11011
00001
00100
11101
01111
00000
10011
01110
10110
01010
00111
01001
00100
11001
00000
00101
10111
01000
00000
11000
01011
00011
11000
11100
01101
01000
00011
01111
11100
00110
10011
01101
00101
10011
10010
10001
10111
10101
11001
01011
10111
11100
01100
00101
10001
00100
10000
01111
10110
00011
01000
00101
01000
00010
11000
01111
10001
11001
11001
01100
10110
01011
10011
11110
11100
11111
10100
10101
11100
00001
00100
00110
11101
00100
01101
00100
00010
01000
11001
11011
01110
01101
01011
11110
10000
01001
00010
11011
