01000
11011
01010
11110
11110
01011
11111
00001
00111
10001
10100
00011
01110
11100
00101
00010
01111
00111
01110
01011
01010
10101
00100
00010
00100
00111
01000
10010
10110
10101
01010
00011
00001
11000
10110
11010
00001
11101
01011
01110
00001
00110
00111
00110
01110
01100
01100
11101
00001
00110
10110
11100
00011
01001
10100
01001
10000
01000
00000
01111
11110
11110
11101
10001
10010
11110
01110
10111
10111
10100
10101
10011
00011
01110
01000
00011
11100
10010
00000
01111
01010
11011
01011
10001
10100
10010
00011
10101
11001
11001
10011
10010
01110
10000
00010
01111
00100
01000
00100
10001
