01000
01110
01001
10011
10011
00111
10101
11010
01010
10100
10001
00110
00101
00000
01010
00010
01110
10010
00101
00100
11111
11011
10000
01001
00111
00101
00101
01011
11111
11010
01001
10101
00101
11001
01010
00000
00100
10101
00100
00110
10100
01111
01010
11111
11111
00001
11101
00001
10111
01101
11111
01101
00000
01010
00100
01101
10000
11111
10101
11000
01111
01000
00101
00110
00101
11111
11101
10011
11101
10110
00111
11000
11001
01101
00110
11110
01001
10010
11001
11011
00110
11100
10010
11101
10101
00010
11011
00101
00101
01011
11001
10100
01111
11100
00101
11010
01001
10100
10111
01000
