00100
10110
11101
00111
10101
00000
10110
01011
11000
11000
11010
00000
00111
01010
01100
01100
00111
10111
01101
10000
10001
00100
10110
11010
10100
10111
01100
00010
01100
01110
11110
11010
01001
10111
11011
11111
01100
01000
11000
10011
11111
01101
01101
10010
00000
10001
10111
11100
00000
10011
11101
10000
10011
01111
10000
01101
00110
01001
00110
00001
00110
10110
10011
11110
01111
11101
01100
10001
01100
11110
10101
11011
00000
00001
10110
01000
11100
11011
01101
10101
01010
00111
00001
11010
10100
01100
10110
10110
01010
01000
11000
00001
00011
01110
11101
11110
11101
10001
11111
10001
