00001
01111
11110
10111
01000
00101
00101
10101
00011
11010
10001
00101
10001
01011
11111
11010
10000
11010
01011
10011
11101
00111
01001
10000
01100
00011
10100
00011
10111
10000
01001
00010
10001
00010
01100
11000
00001
00011
11000
11111
00011
01010
01010
00011
11001
00000
01001
00001
01101
00010
00101
01001
01000
11011
11010
11110
11000
01111
11010
10101
10111
01010
11110
01011
10010
10111
00100
01111
10101
11111
01101
10001
11000
11000
00110
10111
10110
01110
10001
11001
00101
11010
11000
01011
10101
11111
01001
00011
01111
11011
11110
11100
00111
00111
11011
00001
10100
01110
00010
01101
