10111
01110
01110
11101
01001
11010
01001
01111
01011
01001
10101
10101
10100
00101
11100
00001
11101
11000
00011
01110
00001
01010
10001
00101
10111
10010
10100
01101
01011
01000
11010
10011
11011
00000
11100
01010
11011
00101
11101
00110
00100
11011
00101
01110
01101
01000
10011
01111
11101
01001
10000
01010
10101
01001
10101
11001
00110
01010
01011
11111
00011
00111
11110
01110
01101
10010
01110
11010
01110
00110
11111
00101
11100
11100
00001
11111
01000
10001
11000
10000
01011
00110
11101
00011
10001
01111
10100
00111
00000
11000
10100
10101
11110
00101
10111
00111
10101
10000
10000
00111
