00001
01100
10011
10110
00111
01111
01000
11010
11001
11100
10010
00011
01100
11001
11001
11000
11110
01100
00001
01010
11010
00110
10110
00101
00101
11111
10111
10101
11011
10010
11011
01010
01101
10010
00101
10000
11001
10011
00111
01111
10010
01010
01011
00001
10110
10101
11101
00000
01110
10100
01110
01100
10110
01100
10100
11011
00000
11101
10000
10110
11100
10111
10110
10001
01001
01100
10001
11110
11111
01010
01001
10101
01101
01111
01100
00001
01100
11001
11100
00010
10010
11111
00110
01111
11000
01101
10111
00100
01111
01100
01111
00010
11100
11100
00111
10011
10100
00010
01000
10111
