01010
01011
10011
11110
01110
01001
00000
01101
00101
11011
00100
01100
11101
10110
00110
01111
10010
00101
10011
11101
01110
01111
10110
01110
11011
01011
01010
10010
11001
10100
00000
00111
11000
01011
10011
11010
01110
01001
01101
11000
00000
11000
11111
10011
11100
11000
11100
00100
11000
01010
01011
11011
11011
10110
10011
01100
11100
11101
00000
01011
00011
01111
10111
00000
10011
00100
01011
10111
11011
01010
10001
10101
01100
10001
00010
01100
01011
00000
00100
11111
00101
01000
11100
00101
10110
11001
00100
11101
01111
01011
01111
10111
01001
11000
00111
10000
00000
00011
10001
10001
