00110
10101
11001
10011
01011
00111
01100
11010
10110
11000
10011
01001
10010
11010
00101
01101
10100
01010
01000
01110
11001
01101
01000
00101
11010
00011
11110
11101
01111
00010
11110
01100
00001
00010
00110
00010
11000
10010
11000
10110
01000
10101
10101
10001
01100
11000
10111
00000
10011
01010
10001
10110
11011
00011
00010
00010
11010
00111
01001
10111
10000
11011
10111
01100
11001
10101
11111
00110
01110
00010
10001
00000
00110
11000
11101
01101
10100
00000
11001
10100
10000
00100
11001
00111
00000
01101
00011
11100
00111
10110
01111
00100
10111
11101
11001
01010
01001
00011
11000
00001
