11101
11110
01100
00010
01011
11111
11100
01010
10000
01101
01101
11000
11110
00101
11011
11110
01101
11101
00100
11011
00101
00111
00100
00111
01001
11001
10011
00110
01111
11011
00111
10101
01101
01110
01110
11010
11000
10111
00110
10101
10101
10011
11010
11111
11001
01010
00101
00010
01000
10100
10011
00001
11100
10000
01111
11001
01100
00011
10011
10110
11000
10001
11110
10011
11101
01110
00110
01001
10101
00101
01011
01011
01000
11010
01111
10010
10110
00100
10100
00100
11111
01001
01110
10101
01111
01110
10110
10100
01100
00101
10101
01011
01100
00000
00011
11001
10000
11111
10110
11010
