01010
10111
01000
00101
00100
01101
11001
01010
01011
00100
01001
01111
00000
00110
00111
00110
01111
01100
11111
01111
11011
11001
11111
01010
10111
10001
01000
01100
10100
00000
10001
11010
10100
11100
10010
00000
01110
00011
00100
10010
10111
01000
01111
00010
11011
11100
01101
11100
00001
00011
11111
00111
10010
10111
00101
01000
11101
10110
01010
00001
00000
11101
11010
00000
10111
11110
11000
10111
11101
00101
11010
00110
11010
11000
00110
01010
00100
10110
01110
01000
10111
10000
00110
01100
01100
11110
11010
10001
00011
00100
01101
00001
01000
11000
00011
00101
01000
00110
11110
01111
