00001
00000
00110
00100
00000
11001
11010
10010
00000
10110
01011
01101
01101
01010
10101
11010
01110
10101
11101
00101
01111
10011
01001
11100
11001
01000
11011
11101
11100
11011
10011
00101
11101
00010
11011
00111
11010
10010
00101
01111
00110
01101
11111
01010
10001
01001
11111
00101
11101
10011
01010
00111
01000
00100
01101
10000
01111
10111
10001
10010
00011
10101
01011
01000
00000
10000
11010
10110
11110
01111
00100
11100
10111
01100
00111
11111
00000
01010
11110
01110
01100
00110
11000
10101
11111
00000
11000
01011
10111
10110
11100
01111
00101
00001
01110
10101
11100
11001
10001
10100
