01101
10110
11100
01111
00011
01111
00000
00010
10100
11110
00010
00000
01011
10100
00101
10011
01010
10100
11010
01101
10011
11110
01010
00110
10010
00010
10010
10011
10011
10100
01101
00010
10001
00010
11010
11000
10111
01000
01011
11000
10000
00101
01001
00101
11101
10010
11000
01010
00001
01101
10001
11110
10110
01101
11110
00100
10011
11000
10000
10000
10011
11111
11101
10101
11001
11001
01000
00011
11010
11100
11111
11100
01011
01011
00110
01100
00111
01000
11011
00111
11010
10010
00111
11000
11101
00000
10101
11011
01110
01001
11110
00011
01010
11111
01011
01010
00001
11110
10001
00001
