11000
00111
11101
01111
11100
10100
00010
11010
11111
10000
01011
11100
10010
11110
01100
01111
01010
11010
11000
10110
00011
10000
11101
01111
00011
01001
10110
11100
00111
01010
10110
10001
11101
00110
00010
00001
10111
10001
00110
11110
00101
10110
01011
10001
01010
10000
00011
10010
01000
10010
11000
00001
01010
10110
11010
00100
00001
00110
01000
11100
00111
10001
10110
00001
11011
10011
11100
11101
00001
01000
01001
00111
11011
00110
11101
00000
10100
10000
01101
10011
00110
11110
00000
10011
10001
10111
11010
11101
10100
00100
10001
01100
01101
11111
10111
01000
01011
10010
01010
10111
