10011
11110
00001
10101
01011
11100
00101
01000
01001
10101
11111
00000
00100
10101
11100
11000
11011
00001
10000
00111
10001
01111
10101
01111
01111
00111
01011
00110
00101
00000
01101
00100
00101
01111
01110
10001
01100
11010
00111
00101
11010
10100
10011
10000
10011
11000
00111
00010
00111
10011
10100
01001
11111
00111
11010
11111
00110
11001
11101
01100
10011
00011
00000
10111
01010
00101
10100
11101
00100
10101
10110
00011
11010
10000
10011
00011
01011
10011
00010
11010
11011
10000
11011
11100
10100
10010
01011
11100
00011
01111
11000
00001
10100
11011
11010
00010
01110
11101
00010
11010
