01000
01001
00010
00110
00111
11101
01111
01010
11011
10111
00011
00010
11011
01111
00001
11111
10111
01110
01001
01001
00000
11101
00100
01000
11100
11001
11011
11110
10100
11100
00110
00010
00100
11101
01001
10110
11111
10001
01110
00110
00101
01001
01101
10110
11010
11011
01110
01010
11101
00101
11011
01010
11101
01001
00110
10001
10000
10101
00011
10110
01100
01101
11111
00001
11111
10101
01010
00011
10001
00001
11100
00001
11010
00110
10111
00101
00110
11101
00011
11110
01001
00000
01010
11011
00110
10100
01010
01011
11011
00100
00101
01101
01111
01111
01101
11010
11111
01011
10011
00001
