11101
00000
10011
10101
00110
11111
11001
11010
10111
00001
01100
01011
11010
01100
00110
10101
00110
11000
00001
11101
11011
00010
01000
11000
11000
11000
10001
11100
00001
11111
01001
00010
00000
11010
00010
01100
11001
11000
00001
00100
10001
10010
11100
11010
00100
00110
10110
10111
01010
10101
10111
10110
00011
10010
10001
01011
11001
01101
10010
10111
11001
10111
11110
00110
11010
11010
10101
10111
01001
00001
01010
01101
11000
00001
11010
10110
10011
01101
10001
01011
10010
11011
11101
10010
10101
01101
11100
11101
00100
10000
11111
01010
01001
01110
00111
01010
10110
00010
10111
10001
