11000
11100
00010
10111
01101
01011
01000
11111
01110
00011
01111
10110
11110
01101
00111
01101
00100
01011
01100
00011
10111
00000
01111
01010
11100
11011
00000
11001
11110
11011
10101
10010
01000
10110
10101
00011
10101
00101
00000
11110
10001
10000
00000
00100
11110
10111
11010
00110
00010
11111
10000
00011
00010
10111
00100
01001
10101
01100
11010
01111
00000
00101
01000
11010
10101
10010
00000
11111
10111
00000
01010
00111
00001
00011
11001
01011
10110
00011
10101
00010
10111
11101
01100
10001
11111
01110
00101
10001
10100
01010
10000
01000
01011
10001
10100
10100
01011
10110
01110
10011
