0001
1100
0100
0100
1011
0010
0100
1010
1001
0110
0010
1000
1110
0111
0000
0110
1100
1011
1011
1100
1111
0010
0100
1010
1100
1100
1100
0010
0010
1000
0111
1010
1110
0011
0101
1000
1110
0100
1111
0101
1100
0000
1011
0000
1111
0011
1100
1001
0110
1110
0111
0111
1101
1101
1110
0010
1110
0000
0011
1011
1111
1110
0001
1110
1101
0001
0110
0011
0010
1000
1000
1010
0000
1000
0100
0101
0011
1010
0010
0101
0001
0011
0100
0010
0100
0011
0111
1001
0111
1001
0011
0111
0111
1001
1111
0111
1000
1100
0100
0110
