1101
1110
1000
0000
1111
1010
1101
0001
0001
1011
1010
0000
0111
1001
0011
0101
1011
1000
0111
1010
0110
0101
1010
1010
0101
1100
0110
1100
0101
1110
0100
1101
1101
1101
1001
1001
0001
1011
1000
0001
1100
1110
0110
0011
0111
0111
1100
1010
0111
1010
1101
0111
1000
0011
0001
0111
1000
1001
1011
1011
1100
1001
1101
1011
0111
0101
1100
0100
0010
0000
1110
0010
0001
1100
0100
1100
1100
0010
0110
0110
1101
0100
0001
1001
1001
1011
1010
1100
1001
1001
1100
1101
1111
1100
1010
1011
1101
0010
0011
0001
