0010
0110
0111
1000
0000
1110
0000
1101
0010
0011
1111
0100
0101
0010
1011
0101
1011
1111
1100
0101
0011
1100
1110
1001
1111
0000
1010
0001
1001
1100
1001
1111
1101
0000
0100
1100
0001
0111
1101
0011
1001
1011
0001
0101
0000
1110
1100
1100
1000
0100
1111
1111
0111
0111
1110
1011
0100
1101
1111
1011
1110
1000
1100
1100
0011
0111
0000
1111
0101
0001
1000
0001
1000
1000
1101
0001
1011
0001
1100
0000
0101
1100
1101
1001
1001
0101
1100
0010
1100
1001
0110
0000
0101
0000
0010
1010
1101
1010
1001
0000
