1001
0100
0000
0101
0010
1110
0111
0100
1101
0011
0101
0001
0110
0100
0110
1011
1111
0111
1110
0000
1010
1110
0111
1010
0100
0011
1101
1111
0101
1110
1111
0111
1111
0011
0111
1010
0011
1010
0110
0010
1100
0011
0111
0100
0110
1101
1101
1110
0101
1011
1010
1111
0110
1101
0011
0001
1110
1100
0111
0001
0011
0010
1011
0111
1101
1101
1110
0011
1110
0100
0110
0101
1000
0000
1011
1101
1101
1101
0011
1001
0110
0101
1101
0111
1010
1101
0011
1001
0011
1000
0000
1111
1101
1000
1000
0010
1100
0110
0000
1101
