1010
1110
1101
0111
1111
0101
1111
0001
1000
1100
1001
1101
0001
1011
0110
0001
1101
1011
1011
1100
1100
0010
0100
0001
0111
0100
0111
0100
0001
1111
1011
0000
1000
0000
1111
1001
0000
0001
0100
1110
0110
1111
0101
0111
0001
1011
1000
1001
1101
1111
1010
1010
0111
0010
0101
0010
1000
1011
0110
0110
0111
1000
1110
1010
1100
0101
0110
1100
0000
0000
1100
1111
0011
1100
0110
0011
0000
1000
1001
0010
0100
0010
1111
0110
0000
0110
1110
1111
0010
1010
1010
1100
1111
0111
0101
0110
1101
1000
0010
0111
