1001
0101
0111
0000
1010
0100
0000
1001
0001
1101
1110
0110
0100
0100
1110
0101
0101
0110
0011
0001
1110
1010
0111
0010
1011
1010
0000
0100
1101
1101
0100
1010
1100
0111
0000
0010
1000
1010
1110
0010
0010
1000
1110
1001
1100
0010
0011
0101
1011
0101
1111
0110
0100
0001
1111
1000
0101
1101
0000
0000
0010
1101
1010
0100
0000
1100
0100
1100
0111
0101
1010
1111
0010
1110
1001
1010
1100
0000
1000
0001
1000
1111
1101
0100
0101
0100
1001
1000
0011
1001
1010
1100
0001
1110
1010
0011
0001
1001
1001
1100
