0010
0111
0100
0101
0001
1100
0101
1110
1001
1110
0010
1011
0001
1101
1111
1000
1010
0110
0001
1001
1100
0101
0101
0111
0110
0110
0110
1001
0111
0110
1101
0100
1001
0100
0101
1010
1100
0001
1110
0001
0000
0101
0000
0111
1001
1100
1010
0011
1100
1100
0001
1010
1101
1110
1010
1010
0001
0001
1000
0000
1111
0010
0011
0111
1010
0000
1110
1110
0010
0000
0101
1101
1100
1100
0100
1001
0110
0000
0110
1101
1110
0000
0100
0110
1101
0000
0001
0101
1110
1100
1000
0011
0110
1111
1011
0111
0111
1100
0001
0101
