1101
1101
1010
1011
1010
0010
1110
0100
0011
1101
0100
0111
0111
1010
1001
1111
0101
1111
0111
1011
1010
1001
0100
0110
0010
1111
0101
0111
1101
0100
0000
1110
1101
0011
0000
1010
1101
0101
1011
1011
0000
1111
0111
1111
0110
1101
1111
0011
1111
0101
0111
0101
0100
1000
1001
1000
0101
1100
0011
0000
1011
1111
0100
0011
1011
0010
1101
0101
0101
0010
0110
1110
1111
0010
1000
0110
0100
0111
1001
0010
0101
0000
0111
1100
1101
1100
1101
1111
1010
1100
1011
1110
1100
1100
0010
1101
0100
1001
1011
1100
