0001
0110
0100
0110
0000
1110
1110
0110
0111
0100
1111
1101
1111
1111
0010
0001
1010
0001
0100
0010
1001
0101
1010
0000
0011
0100
1011
1111
1101
1100
0111
0111
0001
1000
0100
1111
1111
1000
0000
1000
0101
0110
1011
0011
1010
0011
0001
1011
1010
0100
1101
0110
1010
0111
1100
0000
1000
0100
0011
1000
1101
1101
0101
1011
1010
0000
1010
0010
1101
1011
0101
0110
0111
1100
1001
1000
0111
1001
0101
1000
0110
1011
0000
1011
0110
1000
1000
1111
0010
0111
0111
1001
0100
1000
0011
0100
1001
1000
0001
1010
