0001
1010
1011
1101
0100
1001
0011
1011
0010
1011
0111
0111
1010
0011
1000
0101
1111
1111
1001
1001
0000
1110
1010
0001
1001
0001
0000
0001
0110
0100
1100
1100
0001
1100
1010
0101
0011
1100
0010
0010
1100
1010
1101
1100
0101
0100
0000
0110
0001
1000
1110
1010
1111
0000
0011
0111
1011
1111
1010
1011
0011
1011
1000
0011
0100
0111
1111
0000
0100
1110
0111
1101
1111
0011
0011
0000
1001
0000
0000
1101
0100
1011
0011
0010
0101
1110
0010
1101
1001
1011
0100
0011
0101
1011
0001
1010
1001
0110
0000
1000
