0010
1110
1010
0101
0010
1100
1000
1010
0101
1010
1100
0110
0100
0001
1000
0101
1010
1110
1110
1101
0100
0011
0111
0000
0111
1100
0110
1011
0000
1110
1100
0110
0100
1001
1100
0000
0101
0101
0011
0010
1001
0001
0010
1001
0111
1101
1100
0100
1001
1101
1111
1111
1101
0110
0110
1010
1111
0001
1101
1110
1010
1100
0100
1000
0101
0111
0101
1010
0000
0111
1100
0111
1010
0111
1010
0000
1001
0100
0100
1010
1110
1000
1011
0110
1001
1001
0111
0111
0010
0001
1001
0010
0000
0011
1011
0110
0111
1110
1100
1010
