1101
0100
0100
0010
0110
0111
1101
0110
1001
0101
0101
0111
1110
0001
0010
0011
0111
0001
0100
0001
0111
0110
1101
0100
1000
1001
1001
1110
0000
1001
1111
1111
0011
0001
1001
0110
1110
1110
0010
0001
0000
1010
1000
1101
1000
0101
0010
0000
1101
1110
0111
1011
0110
0010
1010
1010
0101
0001
0110
1001
1001
1100
1011
0110
1101
1111
1001
0111
0010
1100
0101
0110
1110
0110
0100
0110
1110
0111
0011
1100
1101
0001
1000
0110
1010
0101
0100
1100
1011
0101
0000
1110
0011
0110
0111
1010
1010
1101
0101
1010
