0110
1011
1001
0001
0100
1110
0110
1011
0100
1000
1101
0101
1011
0000
0000
1011
1101
1101
1011
1010
1100
1111
0110
1101
1100
0100
1100
0010
0100
0001
0101
0101
1011
1000
0000
1100
0100
1001
0001
1100
0011
0111
0100
0111
0100
1011
1100
0111
1001
1000
1001
1000
1010
0010
1010
1101
1010
0000
1010
0101
1000
1001
1100
1010
1101
0010
1111
1011
0100
1010
0011
0101
1110
0011
1000
1111
1100
0110
1101
0011
1010
0001
0000
0111
0001
0101
1010
1101
1010
0010
1010
0011
0001
0001
1011
0101
0110
0011
0111
1111
