0011
0001
1010
1110
1011
0100
1011
0000
0011
1001
1101
1100
1010
1011
0001
1011
1011
0011
0000
0100
0111
0010
1110
0010
0001
1011
0101
1100
0100
1100
1100
0110
0000
1001
1011
0110
0010
0100
0110
1010
0111
0001
1110
0111
0011
0001
1110
1101
1111
0101
1001
0011
1010
0011
0100
0000
0010
0111
0001
1101
1101
1011
1111
0010
0110
0110
1001
1001
1011
1001
1110
1001
0001
0100
0001
1100
1100
1000
1110
0101
1101
0110
0010
0010
1000
0000
1011
0010
0110
0101
1110
1110
1011
1111
1011
1010
1100
1100
0110
1110
