1101
1011
1001
0100
1101
0100
0101
0100
0001
1111
1010
0011
1011
0010
1001
0110
1111
1001
1111
1001
0101
1001
0110
0000
0111
1100
0010
0100
1110
1000
0101
1110
1110
1100
1011
0110
1011
1001
0101
0110
1000
0100
0011
0001
0000
1010
0111
1101
0111
0110
0110
1001
0011
0011
0100
0111
0001
1011
1001
0100
1001
0101
1011
0001
1011
0100
1001
1010
0111
1110
0100
0000
1101
1000
0101
0100
1000
0111
0000
1010
1101
0000
0011
1010
0101
0101
1101
0101
1111
1011
0101
1000
1100
0100
1111
0001
1101
0011
1011
1100
