1111
1011
1100
0111
0001
1001
1000
0010
1000
0001
1100
1101
0011
1000
0111
0010
1001
0101
1110
0011
0111
0011
0101
1010
0001
1010
0001
1100
1011
1001
0001
1010
1000
1100
1001
0101
1111
0011
0001
0000
0111
0010
1011
0000
0110
1000
0000
0010
1010
1101
0100
1110
0011
0001
0011
1100
0010
1101
0011
1111
0011
0000
1110
1110
0011
1100
1010
1101
1101
1000
1111
0011
0101
0000
1111
1011
0010
1000
1000
0100
1101
0010
1011
0011
0110
0100
0000
1111
1010
1111
0011
0001
1111
0011
1010
1000
1000
1111
0100
1001
