1111
0011
0110
1001
0100
0100
1100
1110
0000
0010
1011
1111
1001
0011
1000
0110
1100
0001
1001
0011
1101
0010
1101
1110
1110
1101
0011
1010
0100
0010
1010
0101
1100
1000
1101
1110
1111
0111
0110
1101
0101
1000
1101
0000
0011
0100
1111
1110
1001
0000
0101
1110
1000
1110
1000
0101
0111
1011
1011
0011
1010
1101
0011
1110
0111
0000
1100
0001
1111
0111
0100
0010
0010
1101
1111
0100
0100
1101
0010
0111
1000
1001
0100
1110
0010
0010
0011
0011
1001
0000
1011
1010
1110
0110
1010
0011
0101
0111
0101
0110
