0111
1011
0000
0001
0111
1110
1010
0101
0000
1000
1001
0111
1111
0001
0001
1000
0101
0101
1100
1111
0000
0100
1110
0001
1101
0110
0110
0000
1101
0001
0110
1100
0000
1110
0110
0001
1110
0100
0110
0001
0110
1101
1101
1111
0000
1100
1101
1001
1001
0100
1001
0001
0001
0011
0010
1010
0001
0110
1110
0011
1100
0111
0101
0110
1010
0011
0011
0110
1010
1110
1000
0000
0001
1101
1001
1010
0001
0011
1101
0110
1100
0011
1111
1000
0000
0110
1101
0100
1111
0011
1111
0000
0011
0110
1111
0110
1011
0010
0101
1110
