1000
1110
0101
1001
0110
0110
0100
1100
1000
1011
1010
0110
1000
0101
1111
0001
1101
0011
1101
0101
0000
1111
1111
1000
1110
1111
0111
1011
0001
1110
0110
0101
0100
0100
1000
0010
0001
1000
0010
1101
0010
0110
0101
1100
1010
1101
1100
1011
1110
0101
1111
0110
0000
0010
1011
1110
1001
0010
1001
1111
0011
1100
1111
0000
0010
1010
1111
0000
1100
1100
1110
0101
1101
0110
1011
0111
0010
0000
1011
1000
0001
1010
1100
0011
0100
0100
0000
1100
0110
1111
0000
1001
0000
1010
0011
0010
0010
1100
1010
1000
