0010
0101
1010
0010
1000
1100
0110
1000
0101
1000
0001
0000
1001
1011
0011
1111
0000
1110
0011
0111
1111
1001
0111
0111
0010
1101
1000
0000
1010
0001
1110
0001
0010
0111
0001
1110
1010
0101
0100
0110
1110
0100
1101
1011
1100
0011
0000
0000
1101
0111
0110
0001
0011
1000
0101
0010
1101
0101
1010
0101
0010
1111
1000
1000
0110
0111
0000
0001
1000
0000
0000
1100
0010
0110
1111
1011
1111
1011
1111
0011
1001
0011
1101
1101
0110
1010
1010
0010
1111
0111
1001
0010
0100
0110
1101
0110
1000
0010
0001
1011
