10110
00000
01010
10100
01010
11010
10100
00110
00010
10111
11010
10001
10101
01101
00110
10101
00010
01011
01100
00111
00000
01101
11001
00011
10011
01010
00011
10110
00001
01011
11101
01101
11011
01100
10100
01000
00010
10011
10111
01111
11000
01110
11000
00100
00100
00010
01111
01010
11000
00010
10110
01010
00110
11000
00001
11111
00011
00100
11001
11001
00101
11111
00000
00111
11111
10100
11000
01101
11100
10011
10100
00101
10010
10011
11001
01001
01001
01110
00000
10100
01000
00110
11110
01111
00100
10011
01000
11100
11111
00010
11000
00001
11000
10011
11110
11110
11110
10110
10101
01101
