11011
10011
00110
01111
01010
00111
10010
11111
01000
00101
11100
00011
11110
10001
10011
11001
10001
00110
00111
01001
10001
10010
01010
01111
10100
01110
11111
01010
10011
00101
11101
01110
11000
01001
10111
00111
10110
00001
00010
11010
10101
01111
10010
00101
11111
10001
10101
11111
11011
01000
10100
11110
01001
10011
00000
00010
10000
10000
11010
01001
11001
10111
01100
10111
00011
00011
00111
00010
01000
01001
11111
00011
10100
10011
11110
00111
10100
00100
01110
11010
11000
11011
00000
10001
11101
11011
11001
00100
00000
10010
01000
10001
10110
01110
00100
10100
00110
11101
01000
11110
