00001
01000
00101
10001
10000
10110
11111
01101
00000
11111
11000
00000
11000
11111
11101
11011
11001
11100
00001
11000
00001
10100
10011
00010
00000
11011
10001
11010
00101
00010
11001
10100
01100
01100
01101
00110
00010
01011
00101
01011
11010
10101
10110
01011
11000
00101
10011
00111
00011
10000
10000
01101
11001
00101
01110
00001
11001
00110
01100
00110
00000
10001
00101
01001
00001
10011
00000
11110
00111
10111
01000
01111
00100
01001
10101
10111
10011
11011
11111
11011
11010
00100
10010
11011
10010
00101
11010
01001
01110
11100
11011
01000
11110
01110
00111
01100
11111
10110
10101
10100
