11100
01011
11001
10000
10011
01001
10111
00100
00101
00111
11000
11100
10100
00111
10110
10101
01111
00000
01101
11110
01010
01101
01000
01010
11010
01110
11010
01111
00000
11101
10110
00111
10011
01011
01110
10101
01110
01101
00001
01000
00111
01010
00010
10101
00011
11111
00010
10100
11000
01101
10101
01110
01000
11101
00110
11010
00110
01100
00010
11101
01100
11110
01110
10111
00100
11110
10000
01111
00100
01100
10001
10100
01101
11110
00110
11011
11000
01111
00011
01000
11111
10011
10000
01001
11011
10000
01000
11010
00111
10101
00100
11111
10110
11111
11110
00000
01010
11111
01000
11011
