00100
10111
01011
00011
10111
01100
11100
01000
10011
10110
00111
01010
10100
11111
00110
00000
00111
01000
11001
10001
00101
10011
11010
00111
11010
01000
01110
00011
11011
11011
01101
00100
10000
11011
01101
01011
11001
10011
00111
11100
10100
10000
00011
01111
00100
00010
10000
10000
10110
00111
01110
11101
10001
11110
10011
10000
10011
01011
11101
11000
00010
11010
11000
01011
00111
01011
01011
10011
00101
00010
11101
00001
01010
01011
10111
11110
00010
11010
00101
00100
00111
10111
00100
11110
10110
10001
11011
01000
10011
00001
01100
01011
00100
00100
00100
10110
01010
11010
11001
10001
