01111
00001
00100
11001
00110
00001
10001
11101
10100
01011
10010
10001
00001
01110
10011
10100
00101
00001
10101
10100
00111
00010
10001
11100
11001
10110
01100
10111
10011
00010
00011
00111
01101
10100
00100
01100
10000
10001
01100
01100
10011
10100
00110
11101
10011
00011
00100
11010
11110
00110
01000
11010
01101
01101
11100
10101
10010
11101
00000
01000
11000
01010
10110
11010
00000
10101
11101
00101
00101
11011
00111
11001
01101
00000
11100
00100
00001
10100
00111
10101
10001
01011
00110
00000
01000
00011
10100
10111
01010
11100
11011
00010
01011
11111
01100
00101
10111
00000
10000
10011
