10011
00111
11100
10001
11111
00010
11111
00100
11011
11010
00110
11110
10100
00100
01111
10111
10011
00011
10010
01101
01110
00100
01100
01110
00001
00001
00111
11000
01011
10010
11110
01011
00110
11101
10001
10011
00101
01101
00111
00000
00000
00100
01101
00010
10101
01001
00111
01101
00100
11010
00110
00111
10110
00001
00101
11001
11010
11101
00001
00011
01011
01111
10000
00111
00100
10011
01110
11111
00110
01110
00100
11111
11101
11000
00101
10000
11001
01110
10001
00010
10111
11001
00010
00100
00010
01011
10010
00100
01110
01110
10011
10011
11001
11100
01011
11011
01001
11000
01010
00010
