01000
00011
11101
10111
10111
01001
11100
11011
01101
01111
11110
00111
11000
10010
01101
10010
00001
10011
01101
01001
00100
01101
11010
01000
00101
10100
01000
00111
11100
00000
10000
00011
10010
10000
01110
01000
01000
10101
01001
00101
11110
01010
10000
10110
00100
10100
10010
11001
00011
01110
00100
01001
11010
01010
10001
00100
10010
01111
10000
11110
10010
00000
11011
01000
10110
01111
00110
11010
00101
01010
01111
00110
00100
01000
11010
11110
10111
11001
11001
11011
00101
10100
00110
10010
01010
11101
11010
11001
01001
10011
01000
00000
11100
01101
10110
00010
10001
10011
01000
00111
