10111
10101
10100
00010
01000
10011
10111
10000
10110
00000
11010
00110
00011
00100
11110
10000
01111
10011
00011
00100
11111
00110
11111
00011
01111
10111
00100
01100
00101
00011
01111
11001
00101
01110
00010
11110
10010
11110
01101
00111
10100
01001
10000
10110
00101
01111
11111
11011
00000
01001
10010
01000
10001
11010
11101
11011
10011
00001
11111
00110
11101
00001
10011
00011
01001
10010
01101
00000
10010
10110
00100
11001
10111
11100
11000
01100
10001
01011
11001
00100
11100
01111
10101
01001
00101
11001
01000
11010
10001
00101
11010
01111
01011
11010
11010
01101
11001
00111
11101
10100
