11000
11010
00100
00001
10001
11010
10110
01010
01100
10110
10010
10101
11101
11001
10111
10001
00111
11011
01111
10110
11000
11011
10001
00000
10111
11011
01011
11000
11110
01010
10010
11111
00000
11100
00011
01010
01001
00100
00001
11111
11101
10100
01000
11111
01111
10100
01010
00110
10111
10101
10010
00001
00111
10101
11010
11100
01010
10100
01001
10111
00011
11010
01010
10111
00001
10000
11101
11010
01101
11010
01101
11101
10001
11000
01011
11011
01011
01010
10100
11011
00001
11100
00110
10110
10000
11011
11110
01001
01101
10001
00110
11100
00010
00010
00001
11111
11000
01000
11011
11011
