01100
00010
11001
11110
10111
00001
01110
11100
00101
10110
01001
00001
10101
11011
10111
01011
11011
00101
01000
00001
10111
00001
00110
11001
01101
11001
11000
00111
10110
00100
00110
11010
11100
01101
01001
10001
01101
00101
11111
01000
00110
11101
11011
00100
00100
00001
00111
01000
00011
11001
10001
00010
01011
01111
01001
10000
01110
10111
00100
00100
00111
01111
10011
11100
11110
10001
10111
10011
01000
10111
01011
11101
00000
00000
11001
11001
01010
11001
10110
01101
11001
10110
11100
10011
00000
01101
00011
00111
00110
11111
11110
10010
11011
00111
00111
10000
01001
10010
10101
00101
