10001
11010
10110
10110
11001
11000
00100
10010
11001
01001
11100
01111
10000
00000
11011
11010
00111
11101
10000
10010
10110
00000
00011
00001
00110
10001
10100
01100
11101
00010
01100
01100
00000
00000
11011
01000
00110
10111
01101
01000
10010
10001
10000
10111
11101
01110
11110
00100
11100
00011
10110
10000
10111
11110
10110
01011
00111
00000
10101
10100
01110
11110
00101
01000
00011
11011
00010
10110
11100
11011
11110
11101
01101
11111
01001
10100
11100
00111
11111
01000
11000
10111
00100
00010
11101
11111
10110
11111
00000
11100
01110
01100
00110
10100
10011
00011
11001
00100
11011
00010
