01110
00000
01001
10001
00001
00110
01110
01111
10000
00111
11101
01111
00110
10101
01100
00100
00111
10100
10010
11110
10010
00100
11110
00111
11100
00101
01100
11111
01001
11000
00101
11111
00110
10001
10111
10100
11110
00110
01100
10011
11110
00101
01011
11110
10000
11000
01011
00010
11110
10011
01000
01001
01111
11010
10101
10110
10100
01111
11101
10111
11111
01101
00011
01110
00010
01001
10100
01101
11011
10000
00111
00111
10111
11100
11110
11110
01101
00110
00101
10010
10100
00100
01110
10001
00010
10111
01100
10101
11000
10100
10110
11110
10001
00101
11001
00001
01001
10100
10100
11110
