11001
01101
00000
11000
11011
00001
00011
00110
11001
11010
11101
01000
00010
00111
10100
01101
10101
01110
10001
11011
11100
10111
00011
00001
00101
10010
01001
00001
01000
00010
10111
10010
11000
10000
00000
11011
10101
00010
11101
00010
00110
01011
11111
01011
11010
00010
00110
10000
11101
11101
11001
00111
01011
01110
00000
11001
00010
00000
00101
01110
11001
11100
00001
10011
01001
10111
01111
11000
00000
11100
11110
00010
11110
10100
01011
10111
11010
00110
11110
00110
01000
10111
00101
01000
01010
01110
01110
11110
00110
00010
10101
11001
01011
01001
10011
11100
00101
01010
01000
11111
