00011
00110
00100
01100
00001
10101
10111
00001
10011
10111
01010
00000
01110
00000
11001
01000
01110
01110
01011
10001
00101
10101
11000
11110
11101
10110
11110
10001
10000
11101
01001
10101
10111
10100
11100
01101
00111
11100
01101
11100
11000
01100
10101
10001
01000
00101
00101
00010
10011
01111
11011
10011
10101
10000
00011
10010
00101
00000
10100
00001
11011
01010
11101
11011
10111
01001
11000
11011
01111
01000
10111
10000
10001
00101
11101
11000
00101
00001
00100
01110
10111
01001
11111
10110
00100
10101
01100
11010
01011
00001
01001
10010
11001
10110
11000
11010
01000
01110
00111
10101
