10110
01111
01000
10001
01100
01110
10110
01111
01100
01010
11110
10110
10001
01111
01110
01111
11001
10000
11110
01001
00111
10100
10111
11001
10111
10000
11100
00101
00010
01000
01000
11001
00101
10001
01101
10110
11001
10011
01000
00111
00100
00011
11001
11001
01001
00110
11101
10010
01011
11000
00111
00101
01000
01100
10110
11011
01101
11101
10001
10010
00011
10101
11010
11110
01111
11100
01001
00010
01100
00100
00101
11010
00000
01110
01001
11110
10111
11101
01000
01101
00000
10100
10001
01000
01110
00000
10011
01111
11011
00100
01000
10100
11000
00101
01011
01101
00001
11110
01100
01010
