10111
10111
11010
00101
00111
10101
10111
10000
11000
00011
01000
01011
10100
00010
01010
00110
00010
01011
11100
01101
01110
11111
11110
10101
11010
10010
01000
01101
00001
00111
00101
00101
01101
00011
00000
10010
10001
01001
00111
10110
00001
01000
00001
00100
11110
10011
10001
00001
10110
10110
01110
01110
00110
01100
10010
11100
10101
01101
01010
10101
01001
01000
10101
11010
10000
00100
11110
01000
11011
10001
11100
10010
11100
01010
01101
01111
10111
11100
00111
01000
01111
01001
10010
00000
11101
01001
11010
11010
00000
00001
10101
11110
01110
01011
11101
00011
00101
10000
10001
10111
