11111
00000
01010
10110
00010
01000
10000
00001
10101
00001
01010
11011
11111
11000
10000
11011
00101
01110
10010
00001
00001
00010
11110
00011
11001
10100
10011
11101
11000
00010
00011
11101
11000
10001
11100
11100
01100
10011
00100
00111
01000
11100
10010
10010
11110
11000
00010
10100
00011
10101
01001
00011
10011
01001
01110
10000
10011
10010
11001
00011
11100
01011
00001
11111
01100
00110
01001
11011
10111
11001
00100
10011
10111
11011
11111
10000
10111
10011
10111
00111
10110
10011
00111
11111
01101
01001
00000
11010
01010
11101
10101
11100
11101
01000
01100
00001
10110
10100
10110
11111
