10100
11101
10100
01011
10010
11011
00101
11001
11000
10110
11111
01001
11001
01111
10100
00101
01100
01110
10101
00100
11101
00000
10111
00000
11101
01000
11000
11001
11111
10011
10101
01001
00100
11100
11100
00111
10100
10101
00001
10000
00010
10101
10110
00010
00000
11011
01100
11101
01101
01101
01011
11100
10011
10101
00100
10101
10011
11000
00000
01000
01101
10110
01110
10000
11010
11101
11011
10101
10000
00110
11101
10110
11011
00111
00111
00010
01101
10100
01011
11011
11100
11011
11011
00111
00111
11000
10100
00100
00010
01110
10111
10011
11110
11011
10000
10000
00001
01110
10010
11111
