00110
00000
10001
01000
10101
10101
01011
10010
11100
00110
01001
01001
10111
10000
10011
11100
10111
00101
01010
11100
00001
11111
00100
00100
00100
00111
00111
11011
01010
11010
00010
00110
01011
01100
00100
10001
01000
10101
00001
01111
01010
10010
10010
10111
01000
11111
01101
10111
11111
10001
01101
11011
11101
10110
01011
00000
11100
01110
10010
00101
10110
01110
01101
00101
00000
11101
00101
01010
01110
01011
00101
11110
00001
00111
00010
01010
00111
11001
01001
00101
00001
10011
01011
01111
01111
01101
00111
10101
11100
00100
00011
00011
10100
00000
11000
01011
10110
10001
01010
01101
