01001
11010
01001
11000
01010
11010
11111
00101
01111
01010
11110
01110
10001
10010
01111
10101
01010
00000
00000
11001
01001
00101
01010
10110
00110
01000
01010
00110
10100
10111
00111
00111
11011
11010
00011
11000
10111
11001
11010
11011
01100
00010
10000
01010
10000
10001
01111
11001
00011
00110
11100
01000
10011
11101
01001
00001
10101
11101
01100
11101
00111
11100
10010
11010
10101
01100
00101
11101
01000
11001
00001
01110
10011
11001
10010
01110
11010
01010
11000
00110
01111
00000
11011
11001
01101
01000
01101
00000
10111
10010
01011
01010
00111
00111
00111
10101
01101
00001
01011
11011
