01110
10111
01011
11011
11000
11100
01001
11110
01000
10001
00101
01011
01101
11011
10011
11010
10010
01100
00000
00110
10000
01111
11010
10101
00000
00001
00000
00010
00010
10001
11011
10010
10110
11100
10111
01100
10000
01101
10000
10100
11100
00111
11100
11110
01000
10101
01001
10011
11010
11011
10000
10100
00010
00111
11010
00111
01010
01001
01011
10100
00101
11010
01011
11011
01110
10101
10111
00110
00010
01001
10010
11000
00111
00110
10010
11011
00001
11100
01000
10010
01101
01101
10111
00010
11100
01100
01000
11111
01001
01010
01001
11111
11001
01001
01100
00100
01001
00110
10110
01001
