01101
01110
11000
11011
11000
00111
10001
01101
01000
10010
10000
10111
10001
10001
10100
00110
00101
01000
11101
11101
10000
01110
11111
01001
01111
01100
01101
00100
10100
00101
10011
01000
01101
11000
11011
10010
11101
00000
11001
10101
10001
11000
00010
01111
11110
10010
01011
01011
10000
01010
10100
00001
01001
00000
11111
01011
10011
11100
10110
11111
10011
00110
11001
00011
00010
00110
01111
01011
00100
10111
10011
10000
10101
11111
01011
01110
00100
00100
00111
10100
01010
10101
11001
00011
01001
11101
11011
00000
10011
00001
11111
01111
01001
10001
11111
00000
11111
00001
10000
10001
