11010
01100
01110
11010
11010
11111
00100
00101
01011
00101
11001
01010
01001
00111
00010
00100
10000
00101
10000
10000
00010
01100
01001
00101
10100
00111
11110
11101
00010
11111
10110
00010
11100
11101
11011
11101
01011
10000
11000
00111
11000
01011
00100
01010
00101
11110
01011
01111
00000
11101
01100
01101
10100
01011
11011
01111
10011
00000
00100
01001
01101
01101
01111
00111
11100
11001
00001
11011
01001
00010
00000
00011
10100
10101
00110
00111
01001
10000
01101
10000
01011
01000
10011
00010
00101
01001
00101
10011
01011
10111
01110
10011
01101
10000
10010
01101
00111
00100
01111
01000
