11000
10001
00110
11001
11011
11010
00111
10011
01010
00101
01100
01001
00111
11111
11010
00010
01011
00110
11001
11000
01110
01000
01011
10010
00010
10111
10000
00111
10001
11011
01100
01110
00111
10001
00000
11100
11011
11111
00010
10001
01111
01101
01111
01011
11010
01001
00101
11001
11001
00100
00000
10100
01111
00110
00001
00010
11001
10101
11100
11100
11011
11001
01101
10110
01000
01111
10100
11000
11011
11000
00001
00000
00101
01100
10101
00000
10000
00110
10000
00011
00110
10110
11100
10001
00010
00011
00100
11111
11010
11011
00011
11001
00011
01000
10000
11011
11110
11100
01101
01111
