00010
01010
11100
11010
10000
10111
01101
01101
11001
11101
01001
00011
00111
00011
11010
00101
11111
10011
00110
11001
10101
10010
11011
10110
11001
10100
01011
00010
11101
10100
00100
11101
11110
10110
10100
11111
10110
01010
11011
01101
11111
11100
10101
00101
10111
00010
00100
01011
00011
10011
10101
00111
10001
00010
10101
11101
00000
01111
11010
01000
00010
10000
11001
11110
01000
10110
10000
11111
00011
01101
00100
00010
10000
10100
01110
00011
01100
10000
10010
11011
01000
10100
10110
01011
11101
00100
00110
11110
01001
11110
01100
01001
10101
01111
00010
10000
01111
00100
11101
01101
