10101
00100
10011
01101
11101
11000
11101
00101
01101
01111
10101
11110
01100
10000
01011
11110
00010
01000
00111
01000
10001
10111
10100
11110
10011
11110
01010
01011
10011
11100
01100
10111
01110
11111
01000
00110
10111
00010
01011
01101
11001
00001
10011
00111
11011
01110
01011
11111
10100
11001
11001
01110
00100
11011
11111
10001
10011
10100
11001
11100
00011
11101
01111
10110
01001
11100
00111
01100
10110
00100
10010
01101
01001
00100
00101
11110
00001
11001
11111
11110
01001
11010
00101
01101
00000
11010
00111
11011
11000
11110
11111
11100
00001
10010
10110
11111
00010
11000
01000
01101
