11001
11010
11110
10100
01110
01001
10100
11000
01100
01000
00101
11000
00000
00101
10001
01101
00010
11101
01010
10100
11111
10010
11110
10000
01111
00001
11101
01010
00111
01100
11010
00110
11001
10010
00000
10000
01100
11001
00001
10010
00110
00011
11100
00100
01010
10000
10011
01000
11101
11000
01111
10110
01011
11101
11101
00010
11000
10010
00011
11110
11110
00110
01011
11111
00001
00100
01101
11100
00011
11100
01101
01001
00011
00000
11111
10010
01011
01100
10101
11100
11101
01111
01010
00111
01010
00101
01100
11010
01101
10001
10111
01011
10110
10101
10101
00000
01111
00001
01110
00010
