11000
01110
11000
00001
10010
00000
10101
11100
11100
10010
00010
11001
10100
10000
11001
01111
01000
11011
10000
11000
11001
10010
01100
11101
00101
10011
00111
11111
10000
10110
11001
01010
00100
00110
00001
00101
00011
01101
00100
00001
00001
10110
10000
01010
10101
01000
11011
10001
00110
10110
00111
11110
00010
10001
10110
00101
10000
00011
00101
00111
01011
00001
11101
01110
01111
00001
10110
11000
11111
10010
11101
01101
10011
01011
00100
01010
01001
10101
00000
00110
11101
11100
11111
00101
11011
00011
10111
01101
00010
00110
01110
01100
01100
10111
00110
01100
00111
01110
10111
10101
