11101
01111
01101
10111
10000
00110
10001
00101
10110
01110
01111
11100
00011
01110
01011
01010
11001
01001
10011
00110
00101
10010
11110
01100
01011
10101
00110
00101
00000
00101
00111
11010
01101
11001
01111
11111
01011
01110
11000
00110
11101
10010
01001
10000
01000
00010
10010
01100
00000
10011
11010
01011
10110
01000
00110
11010
11010
10101
01110
10001
01000
11000
01111
00011
01010
10100
10110
10001
01111
10111
11000
10010
11101
01001
00111
10001
00101
00100
01110
10000
11100
00011
00101
01001
11001
11011
01100
10001
11110
01001
01110
00011
10100
11110
01010
11000
11011
11000
00001
11110
