10110
10001
00000
01111
01001
10111
00101
00001
00101
00101
01101
01001
11101
00010
10010
11110
00010
10111
01101
01000
00000
11011
10011
01011
11001
01101
00110
01100
01011
10111
10010
10011
01101
00000
10100
01110
10010
11001
01111
00001
11000
01001
10111
10110
10011
00011
11011
00001
00001
10010
11111
11010
10111
00011
10011
10001
01111
10100
01000
01100
01011
10010
01001
01101
01101
10001
11111
00000
11000
01101
01101
00010
10000
11101
10011
00110
00001
10011
10011
11011
00101
10101
01010
00011
11000
00001
11111
10111
00001
00111
11000
10100
11110
11101
10000
00101
11100
00011
10001
11100
