01000
01110
01101
00110
10111
00100
11001
10111
00111
11010
00010
10000
01000
10011
11001
11001
00110
10000
11111
10000
10110
01111
10001
10100
10110
11010
01111
11111
01101
01110
00011
10111
10000
11110
01110
11110
01110
00010
11011
10110
01001
10010
01001
01110
11101
01011
11010
11001
01000
10111
01001
00101
00001
10001
00100
01101
00011
11110
01100
11110
10001
11000
11110
10100
01010
01000
00110
01011
11001
01100
11111
01101
01000
10100
10111
10001
01111
10100
01011
10010
11001
10111
01000
00000
00000
00001
00101
11001
11111
11001
01101
11000
01100
01100
10001
00010
01101
00000
11010
10000
