10100
11101
01111
11011
00010
10100
00010
11011
11011
11111
11001
01101
11111
01010
11000
01101
01100
00110
11010
10010
01111
01001
10011
00010
00101
11001
10111
10011
10101
11011
11011
00011
11011
01101
11000
00011
01011
10101
00010
00010
10011
11001
11000
10101
10010
01011
01010
00001
00101
00011
11010
01101
01100
11011
01110
00100
10001
01010
00011
00100
10011
11001
10101
00011
01011
00101
00000
11011
01110
11100
01000
01100
00111
00101
11010
10111
00000
00001
00111
10111
11011
11111
00011
11011
01000
10111
10100
01100
00010
00001
01111
00001
10101
00111
00100
00100
00011
01111
01100
01011
