00001
01000
10000
00111
01100
11110
11111
10101
00110
10000
00001
11101
01110
11000
01001
11110
11101
00101
00111
01101
01100
01111
01001
01000
10111
01010
00010
01010
00000
10001
10000
00110
11110
01111
01011
00111
10111
01100
01000
01000
10111
10000
00000
01000
10100
01010
10101
10100
00010
11001
01001
01011
11010
01111
00100
01110
01110
01010
10011
11011
01001
01011
11001
10101
10011
00001
01111
10010
00101
00011
00011
00100
11110
10010
00100
01000
00011
10010
11001
11111
01110
00001
01000
01010
00100
01111
11110
11001
00110
00000
01101
11111
01000
01101
00101
11011
01110
01111
01000
11111
