10110
10100
11000
00011
10111
10101
11000
00011
00100
10000
01011
11101
00100
10001
10111
11001
10111
10011
01001
01110
11100
10100
01111
11011
01001
10100
01110
10100
01111
11011
00001
10101
10001
11011
01010
01111
01010
10110
10001
01100
00100
01001
00010
00011
01100
10101
00000
01110
11100
10100
00111
00001
11000
00001
00110
00111
11111
11111
10001
10111
10110
01011
00111
01000
11100
11111
01011
00110
00010
01100
00110
11111
01000
10101
01011
10011
00111
01011
10000
01000
00101
01111
00011
01100
01010
00001
00011
11100
01000
00101
01010
00101
00100
11101
10111
11001
00000
01010
00001
10110
