11001
10001
11001
00101
00000
01100
01100
11100
01110
11010
00011
00110
00010
11011
11111
00101
00010
10000
01100
01001
00000
10101
00001
01011
01000
10011
01110
11000
00101
00001
00000
10110
11001
00010
11010
00000
01111
10000
01010
10000
10000
00111
11100
01010
00010
00101
01110
01000
00101
01011
00011
00111
10010
00110
01100
11101
11111
10110
00010
10101
00000
00011
10111
01101
01111
01101
01000
10101
11101
00010
10000
10101
00111
01000
00001
00011
01000
00011
11010
10011
00100
10111
10000
11110
10100
10001
00010
01010
01111
10011
00010
01011
00000
00110
10110
01100
00010
00110
10100
00100
