00001
11110
10110
01010
10011
01000
11001
10111
11111
01101
11110
10011
10010
10001
00101
00011
00000
01100
01011
00101
10011
11100
10011
01101
11001
01000
11111
00000
11111
01011
10001
00000
10111
01101
01101
11011
11111
10011
11101
10101
00100
11010
10101
00111
11000
01000
00110
11101
01001
11010
00011
10010
11111
11111
10100
00110
10010
11101
01001
01110
11100
11101
11101
10110
10010
01101
01011
01100
11101
10001
10100
01101
10000
10001
10110
01000
10000
11000
11011
10000
11011
10100
01001
11010
01010
10010
01111
10010
01110
00010
00101
01010
00101
00000
01100
00010
11100
11100
10000
01101
