00001
01011
00110
11011
10001
01010
00110
01001
00111
11000
11110
00010
11011
01111
00101
01001
10001
10001
11001
01101
01100
11010
01100
10100
01101
00100
11000
00100
10010
11111
11100
10010
11100
01010
10001
00000
11001
10001
00011
10010
01111
11000
11110
11111
10010
01011
10001
11111
00011
10011
11011
11000
00110
10111
11110
11101
01111
11011
10010
01110
01101
11001
10110
11010
10100
11110
00100
00101
10101
10110
00111
11000
11100
10111
11010
10011
00110
00000
00011
10001
00111
11011
00111
10001
10100
00010
10000
10010
11101
00001
01011
01000
00110
01100
01111
11000
10100
00110
01111
00111
