01000
00001
00010
00100
11101
11110
11001
01111
01101
10100
11010
10110
00100
01011
01001
11001
00100
01101
10001
01111
11101
01111
01110
10000
10110
10010
11101
00101
00011
11110
11011
10010
00011
11111
01001
10100
10010
00011
01111
11110
00000
01000
01100
10001
00011
01011
00011
10001
10010
01000
01111
00100
01110
00001
01011
01100
10011
10111
10010
01110
00010
00001
01000
10110
00011
01010
11111
01111
10001
11101
00101
00000
11000
10100
00000
01000
11011
01111
11100
10000
00000
10100
10110
01001
01011
11110
00110
11100
10000
01001
10010
01101
11100
10111
00110
00011
10010
01011
01101
01001
