11010
10000
11101
10010
10010
10010
01000
01010
00001
01110
01010
10001
00010
00110
10001
10111
11100
01000
00001
01011
10101
00111
01001
01000
11000
00110
10000
11001
11010
00110
01101
10010
10100
00010
10101
11111
01101
11100
10001
11001
10110
00000
10111
10011
11100
11000
11011
01111
11000
01000
10111
00110
00100
00010
00000
01110
10111
11010
10010
11101
11001
11101
10101
11110
01111
10011
01010
10110
00010
01001
11101
00000
00110
00111
11110
10001
00010
00111
10000
10100
10101
01001
01000
01101
11010
00010
01101
00010
11011
00111
00101
11101
10001
01000
01001
11100
11000
01100
10110
11100
