10011
01101
01111
11001
10011
01001
00011
10011
00001
00001
01100
11010
00111
11111
01101
00110
01101
00111
10001
11000
00001
11011
11111
11101
11110
01110
11011
11110
00110
10010
01101
00101
00010
00101
00011
00011
10110
00101
10100
10100
10010
11001
11110
11100
00001
11011
11001
00111
00101
11010
00101
01101
00101
10111
11110
01111
11111
11111
11001
10111
01010
01100
10101
00111
10100
01110
01100
00011
10010
11101
10100
01100
01011
01010
11101
11011
01000
10001
00000
10111
00010
00111
00001
01011
01111
00110
10111
11010
10111
11111
00000
11111
01010
11100
00111
11111
10001
11011
11101
11011
