10101
01001
01010
10011
11100
00110
01101
11000
01011
01000
01011
10000
10010
01011
11000
00001
11110
00110
10100
00010
01100
11101
11011
11010
01111
11000
01101
10110
01111
11000
11001
11011
00011
01110
10001
01100
10101
00010
01010
10011
11101
00001
01001
10111
10111
10000
10010
10101
00010
01101
10111
11100
10000
00000
11000
11100
11001
10110
01101
10100
01010
10110
00100
10110
00011
01100
11010
11000
00110
01101
00101
11100
10100
01100
10101
01000
01111
11100
01100
01001
01110
10011
11111
11101
01000
11100
00011
01100
11101
11000
10000
00110
00001
11000
01110
00100
10101
00100
00000
01011
