01100
01010
11100
11111
01101
01101
10000
00000
11101
00011
11101
10001
11010
10010
11011
00110
01110
10011
00001
11010
11111
01001
00011
10000
11000
10000
00100
11001
00011
10101
00000
01100
10100
11000
11010
01010
00000
01000
01010
01110
01010
01100
10011
01010
10110
00101
01110
11100
11011
01000
10101
11101
01011
00000
10010
10001
01111
01100
00101
00101
10110
00010
11111
01001
10101
10010
01011
10100
10000
01001
01111
00111
10111
11110
10000
00001
10001
01111
10101
10100
10010
10001
01100
00010
10111
11011
11010
00011
00001
11110
00010
01000
00001
01000
10111
01110
10011
10000
11011
10001
