11111
01100
10111
10101
00101
11111
00011
10111
01011
10001
10010
11011
11001
10001
10110
01011
11111
10011
01111
01010
10110
01101
01101
01011
01111
01001
11000
01100
00000
00011
00001
10110
01010
11100
11001
10011
00010
01000
01111
00101
10010
01101
10101
00101
10100
11110
00000
11101
11101
10100
01000
01001
11010
10000
11101
01101
01101
01011
00010
01110
00011
10000
01001
11101
00111
11100
10100
00010
11000
00000
01010
11010
00001
01110
10001
01010
01111
10001
01110
10100
10010
11110
10001
11111
00110
10101
00111
10100
00111
00101
11111
11111
10000
10101
10011
11011
10000
11111
11111
11100
