01111
00011
00110
11110
01110
10101
11011
01100
00101
11111
11011
00001
11100
10100
11110
00101
01110
01110
10010
01000
10101
11000
11101
01101
01111
11011
01110
10001
11010
11000
10010
01101
11111
11100
00110
10110
00011
00111
01101
00100
00110
11010
10110
11001
00100
01011
10111
01010
00100
10010
10011
00001
10101
00001
10011
10110
01111
00010
11101
00100
11001
11111
01000
11100
11110
00010
11101
01000
00010
00011
01101
01101
10011
01100
00101
01000
11000
00000
10000
00000
01000
10101
01110
11110
01101
00110
11010
00001
11000
01111
00001
00011
00111
00110
10000
11011
10010
00000
10011
00011
