11010
01011
10001
11100
11111
01001
11001
01111
01100
01011
00111
10111
00100
11101
11100
00001
01001
11000
00101
00011
01000
11111
10110
00101
10000
00110
11001
10001
11110
11010
10001
00110
01111
00111
10001
00111
11101
01011
10110
11101
10111
11111
01000
00101
11111
11011
10111
01100
10010
11000
11100
11001
10110
11010
00010
10000
11010
11000
11100
11001
11110
00101
00010
10001
10110
01010
01101
11100
00010
11001
01111
01101
11000
00001
01101
00010
01011
00001
10001
10111
10000
11010
01110
10101
01010
01000
11100
10110
00000
01010
00101
11110
00010
01111
10101
00111
00001
11100
10001
11010
