10100
00111
11000
10011
01110
10010
10000
00111
10101
10111
01001
01101
01110
00001
11111
10111
01000
00000
11000
11100
01111
11101
01111
10010
10100
01000
11001
01111
11001
01101
10011
00110
10111
00101
01000
01111
11110
00001
11011
00010
00111
10001
10110
10001
10011
00011
01001
01000
11010
00110
11110
11110
01111
00110
00101
01110
11111
00011
01001
10101
10010
11101
10101
01101
01010
01000
00100
11111
00011
01101
11110
01101
00110
10000
00100
11011
00001
01010
01100
10001
01100
00000
10000
01100
10010
11001
01010
01111
11111
00110
11010
01011
00100
11011
10010
01011
10001
10001
00010
10000
