00100
11001
11011
11100
00101
10111
11011
10101
00101
00111
11101
01111
11111
11000
01101
01100
10011
10111
10100
01011
11111
11110
00100
00010
00000
11110
10001
01010
01001
11101
00010
10110
10010
01111
10101
11100
10011
00000
01001
10100
00010
10010
00111
10001
10101
11011
10001
00011
01000
01100
01100
11111
01011
11000
00010
10000
10100
11000
00001
00111
00111
10011
11111
01001
10010
10010
11100
01111
10100
10011
11000
00111
00110
11001
10101
11000
11111
10100
11101
10010
10000
01011
10101
00111
00011
10111
10111
10100
11011
01010
10100
10001
11000
00001
11110
11100
10010
01110
11011
01000
