10000
11000
00100
00011
01101
01101
11101
00011
01011
10111
00100
10011
11100
11101
10000
01100
11111
10000
11011
10001
01010
11011
01100
10010
00000
11100
00001
01100
01101
01011
11011
00111
00001
01101
01111
11000
01010
10111
10011
00110
00110
00110
00111
00010
01100
10011
00110
10011
00100
11110
10001
01010
00101
11011
10101
01000
10100
00111
01010
10100
00110
11010
10010
11101
10010
11000
11010
00000
00011
11100
00111
00101
00101
01000
01101
10011
01000
11100
01111
01111
01111
01110
01110
11110
01111
11110
01110
00100
10011
10101
01100
01111
11000
00000
00001
11101
10101
01100
01101
11010
