01110
00100
01110
01010
01101
00000
01001
00001
01000
11010
10000
10000
10100
01010
11110
10101
00010
00001
10011
01011
10010
11010
01101
00110
10010
01101
01010
10010
00001
00011
11000
00101
10100
11111
10011
11100
00100
10001
01100
01000
10111
11100
10110
10011
11101
01100
01110
11000
11100
10100
01001
01101
00111
10110
01111
00000
11000
10000
00000
10000
10001
01010
01111
01101
01000
00010
01100
01111
10011
11011
01101
10100
10101
11010
01111
10011
00110
11000
10000
10011
01001
00100
00010
00100
00011
11000
11010
01011
10000
01000
11000
00110
01111
01011
01000
01100
00011
11101
10010
10010
