00111
10100
11101
01000
00010
01010
10111
11110
01001
10111
00111
10000
10101
11110
11001
11111
01101
11010
01101
00001
01111
01010
00110
01011
01011
01011
10111
10111
11000
01001
01011
01010
00100
01110
01111
00100
11111
01110
11100
10110
10111
01100
00110
00010
00000
00001
01010
10110
10011
00010
11110
00101
01110
00010
00001
10111
01011
00100
00110
10011
10101
10101
01110
11101
01000
00010
10101
11100
11010
10110
00111
01111
01011
11110
11010
01111
11101
00101
10011
00100
00100
00011
00000
10100
00101
10111
00101
00101
01010
11001
11100
11111
00101
00101
11100
11111
10010
01111
01011
01110
