11001
11101
01001
11011
11000
10110
10100
10011
10010
11101
11101
11111
01010
10100
10011
11101
01110
01001
11000
11000
11010
11111
11110
10011
01001
00110
11001
11100
00101
11110
10111
10111
11111
10110
00010
10100
00011
01100
10100
11000
11011
01110
10000
11001
10110
11010
11111
10111
00011
01101
01101
10101
10011
10011
11101
11000
10100
01110
10010
10100
10011
10100
11011
10011
01100
11101
11101
01101
10011
01011
11100
11101
11010
11001
10111
10110
00001
01011
01101
11000
01100
10110
00000
11010
11101
11010
10100
11011
01110
11100
11100
11100
10011
11100
01011
10001
11001
10101
11000
11110
