11001
11110
11100
01101
11110
11110
11011
11001
10110
11011
11110
10110
10101
00011
10110
11111
10011
01100
11010
10101
11110
11011
10011
11100
11010
10111
01110
11100
01101
11011
10011
10100
10100
11101
11011
10111
11001
11111
10111
00100
10110
11001
11011
01000
11011
10101
01000
10111
01001
11011
01001
11001
11111
00110
00010
11011
11101
01101
10010
11101
00111
10110
11110
10111
01000
11111
11011
11011
01110
10101
10000
10001
11011
11100
11011
00110
11111
11011
10110
10101
11111
01111
11111
10100
11100
11000
01000
01100
01111
11111
01000
11111
00111
01111
10011
11111
10000
10110
11111
01001
