11001
11000
11011
10101
10011
00101
10011
00111
11101
11111
10111
11101
11010
01000
01110
11001
00111
11100
00011
01111
11110
11101
00011
11100
10001
11011
11000
10010
01001
00000
00100
00101
01110
11100
10011
11001
01101
10001
00111
10111
01111
01010
10001
11011
11100
01101
00110
11111
10110
10010
11111
00011
11011
10111
01110
01011
00001
10111
11010
01001
10000
11010
10011
11101
01000
11110
11011
10111
01110
01111
10011
11000
10011
11000
11011
10011
10110
10110
11010
11011
01100
11111
11100
01110
00101
00111
10000
10110
11101
11010
01011
11011
00010
11011
10111
00001
11010
11010
11111
11010
