10110
11100
10010
10111
01111
11100
00111
10101
01010
10011
00111
11011
01111
11001
10101
11110
10100
11100
10001
10010
01000
10110
11001
10011
10010
01101
11100
01111
01000
01100
00101
11011
10111
11000
11111
01100
11011
11100
11100
01110
11101
11010
00100
10010
10000
01010
10110
11110
11101
10001
11111
10010
01000
11100
11001
10110
11111
11100
11111
10011
10110
01011
10000
11010
01011
01011
10100
00110
10110
10111
11010
11100
10111
10110
11111
11011
11110
11010
01011
01110
11100
10010
11111
11010
11000
01110
10001
10110
01101
01000
00011
11001
10000
11110
11110
10001
11101
11100
00111
01100
