11100
11101
11111
10111
10101
10111
11110
01110
11111
11010
01110
01101
01101
10011
10011
11000
11001
01110
10110
10110
11010
01100
00100
10001
11000
11100
01010
00100
11010
11111
11001
11100
10011
10110
11000
00101
10000
11110
10010
11011
11000
11101
11000
11110
10001
10101
11101
10000
01101
11011
00011
11110
11111
11111
01111
11010
10100
11001
11111
11111
11110
01110
11100
11111
10011
11111
10100
11100
01111
10010
11000
11111
01001
10110
11100
11111
10111
10010
11110
00101
11101
01101
10111
01101
10000
00011
11010
11000
10100
10000
11011
01010
11000
10101
01000
10111
11011
00011
01110
01100
