10010
01110
10011
11110
11101
11011
10011
10011
11001
00010
11100
11011
11101
11111
11010
11000
11000
11101
00000
01111
00001
10111
11010
11011
10100
10100
11101
11110
00011
11100
00100
11010
11011
01000
10001
11100
10110
10111
01111
10101
01100
10111
01000
10011
11001
10001
00000
11011
01111
11000
01001
01000
00101
10010
10110
10110
01100
11111
11110
11101
10111
01000
01111
01111
01001
01001
11010
11010
11101
01010
11101
00100
10000
01100
11010
11011
00111
11111
11010
11001
10110
00101
10101
11000
01100
01011
11011
11011
01000
11110
10010
10101
10100
11111
11100
11011
11000
10110
11100
10010
