11011
11001
01101
11111
11110
11010
00111
01111
11000
01000
10011
00000
11010
11011
11010
10101
11101
01111
10011
01100
11100
10111
01101
11001
11000
11011
01111
11101
11110
10010
11001
01111
01110
10100
01110
10111
10100
00101
01101
11100
01000
11110
11111
11101
11010
01100
00111
10100
01111
10101
00111
10101
11011
11111
11111
11111
11111
01100
10010
10101
01001
10100
11111
00011
10000
01110
11111
01110
11010
01111
10100
11111
11001
10011
11001
10100
11100
11110
10011
10001
10001
10011
11111
11010
10111
10001
10101
10101
10111
01001
10101
11100
11100
11111
01001
11101
10000
01101
11011
11110
