11101
01001
11000
00011
10011
11111
10001
11000
11010
01000
11100
00111
10111
01111
10111
01100
01111
01100
00011
11101
10110
11101
01110
11111
10110
01000
01100
11011
00001
10000
00110
11110
11011
11100
01010
00111
01010
11011
10010
10110
10111
11000
01000
11010
11100
11001
11100
01111
11011
11100
11110
01110
11100
10000
10101
10111
11001
11010
10011
01110
10000
10101
01011
11111
10111
11010
11011
11110
11011
11000
11000
11101
01010
11001
01110
00011
01101
01101
10111
10000
10111
01011
11100
01101
00111
11110
10110
00101
10010
10111
01101
10100
10111
10111
10010
10100
01100
10000
11010
11000
