10110
11100
11101
01000
01011
01001
11101
01100
01101
10010
10010
00101
10011
00100
11110
10101
10101
11110
01010
11000
11011
00110
11000
01101
11100
11011
11100
11001
00111
00110
11000
01011
00111
00001
01011
11101
11100
00110
11100
00011
00110
10000
11100
10100
11100
11010
11001
11110
10111
11010
11011
10111
10000
11111
10011
10101
00100
11101
01010
11001
11110
11010
10110
01100
11011
00101
11101
11110
10110
01001
11000
10000
10111
10001
11010
10101
10111
10011
11001
11110
01001
10111
10111
11110
11010
01100
11110
01100
11111
01110
10111
01001
11110
11001
01010
10100
01101
11100
11001
10010
