01010
10010
01101
00011
10100
11101
10110
10011
10101
11010
10101
11101
01111
00101
11100
01101
11111
10100
01101
10010
11001
10001
11100
10110
10010
01110
10011
10111
11001
11111
11101
11101
11111
10010
11000
11010
01101
01101
10011
11100
10111
10100
11111
01001
10001
11100
11110
11011
11000
01101
10110
11101
11111
11101
00000
01110
11100
10000
11011
10010
11101
10000
11110
11000
11111
01110
01111
11110
01010
10101
01000
10111
10110
11000
01011
10001
01100
00100
00011
11000
11001
01100
10101
11011
00000
10110
10000
10101
10011
00000
11011
10001
10100
10110
01111
11111
11110
11101
01100
01011
