11111
01111
10011
11011
11001
11111
10010
11010
11011
10010
11011
01111
01001
11001
10101
10111
11000
00111
11011
11000
01111
01001
10111
11100
11110
01100
01100
00111
11110
11000
01000
11010
01100
10110
11001
11010
10101
11111
01001
10110
11100
11010
11100
11111
10111
10110
10110
01101
10100
00010
01111
01101
10100
10001
00100
10111
01000
01110
01000
11001
11111
11110
11010
11111
10111
11100
00011
11000
11111
10000
01001
11000
10001
10010
11010
11100
10100
11011
11011
10001
10011
01000
01100
01101
11100
10001
11110
11111
01110
11110
11100
01000
11010
11110
11110
10001
11110
00101
01011
11100
