00100
11000
01110
11011
11111
11011
10001
11100
10011
11010
11000
00110
11001
00110
01001
01001
11001
10001
00111
11011
10001
00001
00111
00101
10010
11111
01111
11111
01000
10110
11110
10010
10011
10100
10101
00110
11000
11101
11000
11110
10011
11101
11010
01111
10000
11000
10101
11001
10101
10000
01000
00110
11110
11011
10111
10011
00110
11101
10011
11010
10010
11101
10100
00100
10110
11000
11101
11101
01111
01111
01111
10110
11000
11100
10011
11100
01110
11000
10001
00111
00010
00100
00110
11000
01100
11010
00001
10111
11111
10101
11101
10111
11000
11110
10110
01010
01110
11110
11010
10101
