10110
10100
01110
01111
10001
11010
10000
10010
01110
11010
01101
01010
11010
11101
00110
00001
10011
10000
10001
10001
11000
01101
10000
01011
00111
01011
10000
10010
01101
00111
10011
00111
00110
11001
11110
01110
10110
11000
01100
10111
10101
01000
01100
11010
11100
11010
01010
11100
10011
10101
10100
11000
01111
11000
01000
01110
11110
00100
11100
10111
11010
11100
00111
10101
11101
10111
11110
00111
00100
11110
10001
00111
11110
11100
11110
11101
10110
10011
11000
00010
00011
11001
11001
01111
00110
11000
11110
10011
01000
11101
01100
11110
01000
01010
10100
01101
10111
10111
11011
00111
