10001
00100
01100
01111
10101
11001
01100
11011
01001
11000
01001
11101
11010
11010
11000
00111
11110
11100
00001
11110
11111
11011
11000
11100
00011
11101
01111
10001
11000
11010
10010
00111
11000
10110
11010
11011
00001
00101
11110
00111
01001
11010
01100
10111
11010
11010
01100
11001
10010
01101
01011
10101
01000
01001
10100
10111
01111
11100
10101
11111
10101
11111
00110
00011
11110
01011
10110
01010
00110
01101
11010
11111
10011
11111
01011
01110
01001
10111
01100
10010
11110
11111
11101
10101
00011
11100
11101
10011
11011
11110
01000
01101
11100
10000
10100
11000
10110
10110
00111
11111
