01101
11100
10111
11011
11111
11110
01011
01110
11111
00111
01110
11010
10110
10000
10011
00101
10110
10100
11000
11100
11001
10110
11001
01001
11111
11000
11110
01001
11100
11011
11111
11010
11011
10010
11011
10000
01110
10110
10100
01100
01101
00111
11101
10011
00111
11011
10100
00111
01111
01101
10111
00111
01110
10100
01111
01101
10011
01010
00000
10010
10011
11111
11011
01100
01001
11110
10010
11010
10110
11011
00111
01110
10110
01110
10000
10001
11010
01000
11000
11101
11001
11011
01101
00110
10101
11110
10001
00100
10011
11010
10100
11101
01110
00011
10101
11011
10011
10010
11010
00010
