01110
11001
11000
11110
10000
10010
10110
11101
01101
01001
11110
00000
10011
00101
10110
01101
11111
11110
10111
10101
10100
10111
11011
11111
11110
11011
01010
11110
00111
00110
11101
01110
11100
11110
11111
10110
11011
10000
10111
01111
11001
10110
11111
10010
11000
01101
10111
11001
10011
00110
10110
01100
10111
11011
01011
10000
10011
10011
11000
11100
10011
10100
10100
10011
11110
11110
10000
01000
01010
11001
11010
11101
10111
10101
11000
10011
10110
11111
00110
11010
01110
10011
11001
11100
10111
11101
10110
10101
11101
11110
10010
11011
10010
11110
01111
11101
10000
10110
11110
11101
