11100
11000
11110
11100
01001
11010
10110
11100
11111
10011
10000
11110
11100
01111
11001
01111
10110
10101
11000
00011
10000
01010
11011
10010
10011
11001
10111
01001
10000
01001
11001
11100
11000
11001
10111
01100
00111
01101
01001
11010
10101
10110
10111
11001
11100
11011
11101
11100
11111
10101
11001
10111
10011
11010
11001
11100
11011
10010
01000
10110
01111
11101
11111
01111
01101
10101
01100
11010
11010
10110
10001
11110
00111
01100
11111
01001
10011
11001
10111
10001
11100
10101
10001
10100
11011
11011
11111
11011
11000
11110
00100
10111
11111
01111
11001
11011
11110
11010
10001
11111
