10110
10001
01000
10111
10101
01111
10000
00110
11001
10101
11011
10010
01110
10100
10111
10110
10111
11000
11010
10111
11101
11001
10000
10011
01010
10110
10111
01010
01101
11011
10011
10011
11011
11110
11111
10111
01111
10001
10101
01100
11111
01111
01001
00111
11010
00111
11010
10110
10110
11111
01000
10110
10011
10100
01000
01111
00010
01110
10100
11111
11100
11110
10111
11101
11011
01101
00111
11011
10001
11111
10010
00101
10111
01110
11111
10111
01101
10101
01000
10101
10100
00110
11110
11000
10100
11001
00111
11000
11000
11010
11000
11011
01001
11010
10011
00110
10011
10111
10101
11000
