11011
11110
10111
10110
11111
01110
00101
10011
11100
11101
11110
01101
11110
01100
00101
01100
10111
11101
11010
01111
10111
10011
00001
00111
01000
01111
01010
01101
11010
10101
01110
00001
11100
11100
01011
01000
11111
00110
11110
11110
10001
11111
01110
10101
11100
10010
11101
10111
11010
11110
00111
11000
10001
00011
01000
00111
01100
01101
10011
00101
10011
11100
11111
10001
01000
10010
10001
00110
10011
01011
11100
10111
11101
11111
00100
11010
11001
11100
00111
11111
11111
00110
11100
00010
10100
11011
11101
10001
10101
10101
11101
10110
11011
10100
11011
10100
01000
11001
01010
11001
