10111
01101
10110
11101
00100
11101
11000
01111
10111
11111
00110
01111
10101
01100
11111
11000
10101
10011
01101
01011
01100
11001
11101
11011
01101
01011
11111
01100
00100
11011
11110
11111
11100
11001
00100
00101
10110
11110
11101
10110
10000
10011
10101
10011
01101
11101
11111
01111
10110
01111
00101
10000
11111
11001
11010
01100
11101
00111
01001
11001
01100
11100
10110
01100
01100
01111
01001
10111
01101
11110
00000
01111
01010
10110
00111
10110
10100
10000
10101
11001
00101
11110
10100
00011
00111
11011
00101
10101
11011
11110
10111
10101
11100
10010
01010
11101
10110
11000
10100
00111
