00110
11100
11001
10010
10011
01101
11101
11100
10101
11011
11010
10000
10001
11010
00100
11111
01111
11100
01111
11101
10011
10110
11100
01110
10001
11100
11111
00011
10111
10001
01000
11100
11000
11010
11101
10011
10010
11110
10110
01110
00101
11011
10111
11111
10100
11000
11111
11101
00011
11111
11110
11100
11111
11111
10000
10001
10000
10001
01101
10101
11101
11010
10000
00100
10001
10111
10000
11000
10101
10110
11101
11110
01001
11011
01011
11111
01011
11111
11000
11010
11010
00100
01100
00110
11011
10010
11010
10100
01001
11100
01110
10000
01111
11100
10101
10010
10111
00111
00100
10001
