11100
01011
10011
01100
10111
11010
10100
11100
01000
11110
10100
10011
11110
11101
01101
01111
11001
10110
11100
10010
01111
11001
01101
11001
01000
11100
11111
10001
11011
11111
11101
01100
11111
10001
00101
11011
01010
10001
01011
11010
10011
00001
10001
10011
10110
11011
11011
01001
00001
11101
10111
00011
11001
00111
10001
10110
11111
01101
01110
11011
10110
11000
11010
10011
10111
10010
10001
01111
10000
11101
11111
11100
01111
01000
01111
11111
01101
01000
01010
11000
11000
10110
01110
11101
01000
00010
11110
10001
01100
11010
11111
11100
11101
10110
11100
00001
10111
00100
01101
01010
