01111
11110
01110
10111
10110
11001
11111
01111
10000
10111
10110
00111
11100
10010
10101
01011
10111
01101
10001
10110
11101
01100
10111
01000
10100
01111
01111
10010
11110
10111
01011
11110
00010
11000
10100
10001
10001
10111
10011
10001
10100
10111
10110
10111
11000
11111
10011
00100
01101
11010
11101
11101
00001
11101
01111
10011
11001
00100
11111
10011
11111
10110
11111
10101
11010
10100
11001
01011
11101
11110
11011
10011
10001
01111
10001
11101
10101
01111
01000
11111
01111
10101
10011
01010
01110
01011
01110
11101
01101
11101
00111
10011
01110
10110
00010
11111
10001
00100
10111
10101
