10011
10111
10111
01110
10011
11010
11001
11110
01010
11010
10110
00011
11001
00011
10000
11101
10101
10010
11001
00111
11000
10110
10010
10100
11110
11110
11001
10000
00111
01101
10101
11100
10011
11100
11110
10011
10010
10001
11111
01101
10110
11110
11011
01010
11011
10100
01101
11001
11101
10110
10011
01101
10101
11101
11110
11010
11011
11011
01001
01100
11110
10111
01010
11001
10111
01100
11111
01111
10111
11101
11010
11011
00101
01001
10110
10010
11100
11101
10101
11100
11100
01000
11010
10100
11100
11101
01011
11111
10011
10011
11010
11101
10101
01010
01100
00111
10000
10110
11100
00101
