10000
10010
10010
10100
11101
11110
10101
01110
11110
11000
01111
00111
01011
00010
10001
10100
11101
11000
01100
10010
10100
10111
10001
01001
01000
00110
10101
00011
01101
01100
01101
10010
11001
10110
11001
10101
00001
11010
11011
01000
10011
10111
01100
00110
00100
11000
10110
01101
10011
11110
01111
10011
11101
00011
11101
10111
11010
11100
00111
10001
11101
00100
01111
11100
10111
01111
11011
00001
00111
00011
01101
01111
11111
01011
10110
10011
11011
01111
11101
00111
11101
11001
11011
10000
10011
01101
10101
11101
11010
01011
11110
01100
11101
11011
01001
10001
10001
11011
11010
11110
