11000
10011
11000
01101
10110
11000
10011
11000
11010
10110
10010
00100
11011
11001
01101
11110
01111
11110
10110
01000
11100
11111
10100
11111
10001
11100
11010
10010
10111
01001
01001
11001
11001
10000
11010
10111
11010
10110
11111
11110
01010
11111
11101
11000
00110
11011
10011
10010
11100
01101
11101
10011
00100
01110
01100
11101
11111
11101
11110
01110
11000
11100
10110
10010
11010
10101
11111
01000
10010
10100
00110
00100
00100
11101
01111
01111
00111
10001
01001
11010
00011
01100
11000
10011
10001
11010
10111
11000
11010
11110
10101
10010
01111
01100
10000
11110
10100
01110
01010
11001
