10011
00110
11100
10101
10010
00110
00000
11101
01011
01000
10110
10000
11001
01011
11110
11010
10001
01011
10100
11010
11101
10110
10010
01110
11111
10010
00011
00110
10100
11111
11110
00111
11111
10101
10011
01110
00101
10111
10111
11000
11111
00111
10100
11010
10011
11000
01101
10010
11010
11001
11111
01101
11011
10100
10010
00111
01100
10001
11011
11101
10011
00110
11110
11110
10101
11111
11110
11010
00000
01001
10010
10011
01111
10101
00010
10101
11010
01111
11101
11111
00101
01111
11101
00101
01101
00110
11111
11111
10011
11100
11110
01001
01001
01011
00111
11110
10101
10110
11010
01001
