11100
01001
10111
10001
11111
01101
00011
01111
10011
10001
10111
10011
11001
11110
11110
11011
01110
11110
10010
01110
11111
01001
11111
11000
01011
11000
10100
00101
10111
11111
00011
10110
10001
10001
11101
01110
11101
01111
11111
00111
11010
11001
10101
11011
11111
01111
10011
11111
01000
11001
11110
11101
10111
00011
11110
01100
10111
10000
11111
11111
10011
11100
11100
11000
10111
10100
01111
11101
10100
10100
11101
11111
01000
11000
11000
01000
10111
11110
11111
10000
01011
10001
11000
10110
11011
00110
11110
00111
01110
11110
01100
10010
10110
10110
01110
11011
10110
11110
11000
11011
