10011
11100
01100
01000
00101
10010
01001
00100
00111
01101
01010
10100
10110
11111
11111
11100
11001
11110
11101
01001
11001
11000
11010
10001
10110
10001
10110
11011
01111
11101
10001
10010
11110
10111
01111
11000
11010
11011
01111
11011
11111
11101
00110
11001
11111
10111
10000
11111
11101
11101
10100
10111
11101
10010
00010
11110
10101
10110
10001
11011
11110
11011
11110
11001
10011
11011
11010
11010
11100
10001
11011
10001
11101
00100
00111
11100
11000
00011
01001
01111
11110
10110
11101
11100
01110
11111
01111
01110
11011
01100
11100
11101
01101
11001
11101
10100
10001
10001
00110
10011
