01110
10101
00111
11101
11011
10110
01110
00011
01100
11111
11100
00100
11010
10111
11011
11111
10101
00000
10110
11010
11100
10101
10100
10001
11010
11100
11101
11101
01110
11001
01000
10011
11101
01110
11000
01000
10000
10111
11111
01000
01101
11011
01010
10011
11111
11110
11010
11001
11110
00100
01100
11100
11100
01011
10101
10100
11010
11001
11111
11101
11110
01110
10110
01010
10101
11100
11011
10111
11001
11011
10001
01001
01010
10111
11001
10110
01010
01110
10001
00011
10011
11000
11111
10101
10110
11010
10101
10111
00100
11100
01000
11000
00110
00010
10011
10000
11001
10011
10111
10000
