01110
10001
00011
11010
10111
11111
11010
11010
10001
11110
00011
01100
11100
10110
11011
10010
11110
11100
00010
11101
00000
01100
01011
11011
01111
11101
11000
01111
10000
11010
01100
11110
10111
11111
11010
11100
00110
10011
11111
11101
11111
11010
10100
00111
11001
11010
10000
11000
01111
10010
11111
11100
11100
10110
10011
10011
11101
11110
01100
10100
00110
11110
01100
10110
01010
00010
01101
11100
11110
10110
10111
11001
10011
10001
11000
10000
00111
00101
10111
11101
11100
11011
01010
11000
11101
10111
01010
11000
10101
10010
00111
10111
11100
00010
11110
11011
11011
00100
01001
10010
