11110
10110
11011
11000
01010
10010
11111
11001
10111
10010
11110
11101
10110
11110
01011
01101
11101
10101
11101
10111
11011
11001
10011
11000
11110
11001
10001
10111
11011
10010
10110
01001
10100
11011
00111
10101
10110
11111
01011
11000
10001
11100
11010
10001
01111
00011
10100
10011
00001
00111
10000
10011
11001
01110
11010
11001
11110
11001
01010
11111
10111
11010
11010
00110
00001
01101
10010
01111
01110
11010
10000
11110
11011
10001
01011
11110
11100
00101
10101
00111
00100
00100
00011
01110
11100
01001
01100
00111
01000
10111
10110
01111
11000
11001
10111
11011
01111
10111
10011
11110
