11001
10001
11111
00111
10110
11001
10110
00011
00110
11000
01010
10011
10010
10000
11101
10001
11100
11101
11111
11101
01110
11000
11101
00110
11010
11000
01100
11110
11100
11111
11111
11100
00111
11011
00101
01100
00111
11011
00010
11001
11111
11010
10100
11110
10110
11111
01000
10110
01100
11000
11101
01101
01101
10111
01101
00111
00011
00111
01101
10100
01101
11100
01001
11111
11100
01110
10111
10110
10110
11000
11111
10011
01111
01111
10111
00111
11010
01100
01000
01111
11101
01110
11111
11010
11011
10011
10100
10011
00111
01111
01101
11100
01011
10011
10111
01100
10111
11111
11010
11011
