11000
11001
10011
00110
00010
01001
01110
10101
11111
11000
11110
11110
11100
11111
01011
11111
10110
01000
00111
11010
11010
11111
01111
11100
11010
01001
10101
11000
11100
11111
11011
10111
10011
10100
11111
10101
10010
00111
11111
11111
10100
01111
00110
10101
11001
11111
10000
11100
11111
10010
00110
11110
00110
11011
10111
11011
00010
11001
11100
11100
10110
10101
01001
11101
01001
00001
11110
11101
11010
10111
11101
11011
11000
00100
11001
10101
10110
11010
00110
11111
01010
01111
01111
11111
11010
01011
01110
11110
10100
10110
10100
11110
10001
11011
11000
01001
10000
10010
10101
00011
