11011
11000
11100
10010
11010
11111
01111
01110
01110
11111
11010
10111
10001
11101
01110
11100
01100
11100
01010
11011
00110
01111
01101
10100
10010
11000
11110
10101
01010
10101
10101
01101
11000
00110
10011
11100
10110
11101
10011
11011
11011
00101
11010
11100
11101
01001
10100
00011
11111
11011
10110
10101
10011
10101
11100
11100
01011
01111
01110
10111
10001
11111
11010
10011
10010
11101
10101
11010
10001
01100
10000
10100
10111
01101
11011
10110
11011
11100
11111
10110
01100
00011
11001
00110
01110
01111
01100
11001
10101
00001
11110
10010
11011
11101
01000
11001
11010
11110
11101
01011
