10011
10110
10010
10111
01010
11010
10000
01101
01110
11101
10011
11101
10111
00101
01011
11101
10101
10111
01000
11111
10011
00111
10111
01110
11010
10110
01110
11111
10011
11100
01111
11111
10010
10111
01101
11001
11101
11110
10011
00110
11011
11111
10110
11010
11100
11111
10011
10100
11011
10000
01000
11000
11101
01100
11010
10111
11100
01100
10010
10111
11001
01100
10000
10001
00011
10011
11101
10011
10000
01001
11110
11111
01111
01100
01110
01111
10111
10010
11001
10011
11101
10110
10000
01101
10010
10101
00101
01110
10111
01011
10111
10111
11101
11110
10100
11011
01010
11011
00100
01011
