00110
01101
10001
11100
01100
10110
11100
11000
11001
11111
10010
01001
01001
10111
11011
10011
11110
11000
11010
10010
00101
10110
11001
01111
00011
11110
10111
01110
01010
11100
10100
11010
11010
10110
10100
11110
11101
11101
10110
00100
01101
00011
00101
10100
11110
10101
11011
10011
10010
11011
01011
11010
10011
10110
01011
11110
01101
01101
11010
01111
01010
11011
10101
01100
11101
10010
11101
11010
00110
11100
11010
10011
00011
11101
10011
10110
11000
01110
11111
11010
01111
11010
10100
11101
00111
10111
11000
11111
01101
00101
11100
01001
10001
10011
10010
10011
11111
11001
10011
11001
