11010
11100
00001
11001
11010
11110
01110
10100
01110
11111
11100
01010
10010
10101
11100
01000
01011
11011
10110
00100
11011
10110
10001
11110
11111
11010
10011
01001
00000
11000
11011
01010
10001
10101
00110
11111
01100
00111
11101
10010
10001
10111
11110
10011
10101
00011
11110
11011
11110
10010
00101
11011
11101
11110
01110
10110
10001
11100
00111
01110
10100
11010
11101
11011
11010
10010
11111
01101
10110
00111
11011
01110
00001
11000
10110
01000
10110
01110
01001
11110
10001
01100
11111
11101
11011
10000
01110
10101
01100
01111
01000
01111
00101
00011
10111
11111
01111
10100
11111
11011
