11111
11011
00111
10101
11111
01001
11111
10111
01010
11100
11111
01011
00111
10011
10101
10000
10011
10101
01110
10110
11101
11101
11111
01100
11110
11111
11111
01000
11001
10111
11100
10011
11111
11110
10000
01110
01100
01111
01110
10001
10010
10100
11010
11100
11110
10111
11101
11010
10101
10110
10101
11110
11100
10111
11110
00110
10100
11000
11110
01110
10111
11101
00101
01101
11010
10100
11000
11110
11010
11100
10010
00101
10110
01111
00100
00100
01100
10111
10010
11011
01111
11011
01110
11011
11110
01100
11110
10111
11111
01011
00010
01110
10000
11111
10000
01110
01001
10011
11011
10111
