01110
11110
01011
11101
10111
11100
11110
11010
10100
11101
10110
10111
11011
01011
11000
11010
10011
01100
10011
00101
10101
10101
01110
10111
10001
11010
10101
10011
01111
11100
01110
10111
01111
01010
00010
11110
11101
11101
01000
01110
11001
01011
11011
11001
00100
11100
00110
10100
10111
11110
00101
10011
10100
11101
01110
00111
01100
10110
01100
11010
01111
11101
10100
10010
11101
10110
10001
11010
00000
11100
11111
01111
01111
01101
10100
10011
01000
10011
11111
11000
11011
10001
11110
01101
10000
11110
01101
11110
10111
10000
10100
11101
10100
10110
11110
10011
10111
00110
11001
10001
