11001
11000
10101
10110
11110
10000
01110
00100
10011
10000
01010
01110
11111
10001
01111
11110
01000
11101
11000
00000
10101
10101
01101
10100
11010
10001
10010
10000
11111
10001
11010
01101
01010
11100
11011
01111
11111
10011
01000
00011
11110
11010
10011
10011
10101
11110
11110
10111
10100
01001
00001
10111
11010
10110
11000
10001
00111
01010
10101
10101
10001
10111
11010
01111
01000
11001
00101
11111
10001
01001
01001
11111
11011
10000
10010
10100
01101
00110
11010
01100
11111
01111
11110
10101
01011
11010
01111
11010
00101
01001
11100
11010
10001
01101
01011
10011
01101
01111
10111
11100
