10101
00111
11101
10101
01101
01111
10001
11110
00110
01110
10101
11110
10100
11010
01111
10000
00100
01101
00011
00101
11101
10001
11001
10111
00100
10100
10011
10010
10010
10110
00101
10110
01111
11111
11110
00001
11010
10111
11010
01111
10101
01011
11011
11101
11010
11010
01111
10011
01100
00100
01011
01110
10001
11111
11100
10001
01110
01110
10000
11100
11011
10001
11101
10100
11111
11110
10010
10100
10111
11111
00011
00001
01011
10100
10000
10010
11000
11111
10001
01011
11010
11111
00011
11010
10111
11101
01110
11011
11010
10000
11111
01110
00110
11111
11101
00111
11100
10000
11011
10110
