10110
11001
11100
11011
10101
10101
11100
11101
01111
01001
10000
10111
11111
10000
11100
10010
11111
10010
01111
11100
10101
10001
11000
10000
11100
11110
01010
11110
10010
00111
11110
00101
00111
00011
11010
11110
00100
10111
01100
10000
11001
00111
10001
10000
00010
01100
11100
10111
00010
11100
11100
10100
01100
00100
10001
01000
01110
10000
11110
00011
11001
00110
11001
11010
01011
10001
00100
01100
00001
11110
00011
10110
01010
11100
01011
11010
10011
10110
10100
00111
11000
01011
11111
00001
10111
11110
11110
10001
11100
10000
01111
11000
11000
01000
10000
11111
10101
11101
01110
01011
