11001
11010
11010
11001
10100
11110
11111
10101
11011
11110
11011
01111
01101
01100
00111
00000
00100
11100
00010
10001
00011
11101
01110
01100
10100
11010
10111
10001
10101
11111
00101
11101
10001
11101
11100
01100
11011
10001
00100
01110
01111
11100
10100
11001
10110
11100
10010
11010
11100
10011
10001
10111
11010
10100
01110
00111
01110
11100
10000
11001
10011
11100
11101
10110
10111
11000
01111
10010
10111
11101
11101
11101
10001
00101
10101
01100
00101
01001
01000
01111
10111
10100
11101
01001
01111
10110
11101
11100
00110
11111
11111
10111
10001
01101
00101
01111
11010
10111
01010
01100
