11010
10101
11010
10111
11000
10110
00101
10100
10111
01100
01010
11110
10101
01011
11101
11111
11110
11010
11110
11011
11111
01101
10011
10010
11111
11110
10010
10010
11010
11100
11101
01011
11010
11111
11101
11000
11010
10011
01111
11111
11111
11110
10010
10101
10101
11000
10100
10111
10111
11111
10000
11110
10101
11010
10110
11110
10010
11010
01111
10110
11001
11001
00110
11110
11011
10100
00000
10111
11100
11000
10110
11111
11100
01101
11101
11100
11101
01100
00110
01001
01101
01000
11101
01001
11010
01110
11000
01100
11111
10010
00101
01110
11000
11000
10001
11001
01110
11111
10011
10010
