11101
10110
01100
10101
11100
10110
00001
10011
11000
11101
11001
11101
01111
01111
11010
11110
11100
11111
01001
11101
10000
11110
11000
11001
10110
01100
11001
10111
11000
10001
11101
11011
10111
01100
11111
01110
11011
11010
10100
01000
11111
01000
01110
11101
11100
10000
10110
10101
00101
10000
11000
11111
11110
10001
10011
11011
11000
11110
11101
01111
10011
10010
01111
00010
01010
11110
11111
01000
01111
10111
10100
10000
10110
01111
11111
01111
11011
11111
10111
11011
01110
10101
01100
10110
11010
11010
10110
10111
01100
11100
11010
11110
11100
01011
10111
11111
10010
10000
00011
11111
