11001
11011
11111
10110
11110
10101
01010
10111
01101
11111
11010
01101
00011
10110
11000
11100
01111
00111
11001
11101
10100
11010
01000
11010
01001
01110
00000
10111
10101
10111
11110
00001
11111
11101
11101
11100
11101
01110
11001
11011
01100
11001
11101
10001
10011
11000
10011
10110
11011
00101
11001
11011
11100
10010
11001
11100
10010
00100
10111
11101
00000
11110
01100
01111
00110
11011
01101
00000
11011
11110
11011
11111
01001
10000
11101
00110
11100
11001
00100
01110
10000
01110
11111
11100
10010
10001
11101
10011
00010
01011
01110
11001
10011
10111
10001
11100
11000
10010
11010
11101
