10011
01000
11111
11101
01011
10111
11011
11011
10101
11010
10010
00101
10101
01100
01110
11111
01111
01110
11101
00100
11100
01111
11000
10011
00100
00101
11111
11001
11000
11110
01101
10001
11100
10101
11100
10100
10000
01011
11000
01111
11101
11101
11111
01010
10011
10101
01000
01110
11100
11010
11010
01100
10010
11101
01111
01001
11010
10010
11011
11011
01100
10111
10011
11110
11111
10101
11101
01011
11010
00011
11111
11110
11111
01110
10010
10010
11100
10111
01100
10010
00110
00101
11011
11010
10101
10000
10111
01111
10111
00100
11000
11101
11010
10111
01000
11100
10101
01101
10110
11001
