10010
11001
10101
11011
11011
11101
10000
01011
00101
11000
01111
10010
10001
01100
10000
11011
01110
10101
10101
11011
11111
10100
01110
11100
01111
11111
10000
10101
10101
10001
11100
11100
11011
11100
11111
11000
11001
01110
10010
10101
10110
00010
10110
01100
11010
10010
11100
10011
10101
10000
10001
11000
11011
11101
10101
10001
11110
11110
11011
11011
11111
01110
10101
11110
01111
11001
10101
10010
01000
10111
00110
01110
10010
11001
10111
11011
10010
00111
11111
01111
00101
01000
01101
01100
10010
11100
11110
10000
11111
10111
10101
01101
10101
11011
01101
11001
11101
10010
00101
00101
