11110
01010
11101
10000
10100
11000
01011
10001
11101
00100
01101
11000
00111
10110
11110
11010
11001
11011
11101
11101
10011
01111
11110
01100
11101
11011
10000
01001
10100
10111
11101
01010
10110
11000
11111
01001
11101
01110
10000
00111
11100
11110
11110
01111
10110
11111
11101
01111
01110
10111
11100
10011
11111
11111
11000
01100
11010
10110
00110
00111
11010
01011
01101
10100
11000
01101
01111
11111
11110
11101
10100
10111
10000
01110
11010
01000
00110
11000
10110
11101
10010
11010
11101
01000
11100
01110
10101
11111
11011
00010
10101
11011
11101
10110
10011
11000
11011
11110
00001
11000
